05:06:2016,Locations=Pretoria_CSIR-DPSS,long=28.280,lat=-25.757,elev=1449,Nmeas=8,PI=Derek_Griffith,Email=dgriffith@csir.co.za
Level 1.5 Almucantar Retrievals, Version 2
AOD Absorption,ALL POINTS DATA,Inversion Product UNITS can be found at,,, http://aeronet.gsfc.nasa.gov/new_web/units.html
Date(dd-mm-yyyy),Time(hh:mm:ss),Julian_Day,AOTAbsp439-T,AOTAbsp675-T,AOTAbsp871-T,AOTAbsp1020-T,870-440AngstromParam.[AOTAbsp],last_processing_date(mm/dd/yyyy),alm_type,solar_zenith_angle_for_1020nm_scan,sky_error,sun_error,alpha440-870,tau440(measured),%sphericity,if_level2_AOD,scat_angle_440(>=3.2to6),scat_angle_440(>=6to30),scat_angle_440(>=30to80),scat_angle_440(>=80),scat_angle_675(>=3.2to6),scat_angle_675(>=6to30),scat_angle_675(>=30to80),scat_angle_675(>=80),scat_angle_870(>=3.2to6),scat_angle_870(>=6to30),scat_angle_870(>=30to80),scat_angle_870(>=80),scat_angle_1020(>=3.2to6),scat_angle_1020(>=6to30),scat_angle_1020(>=30to80),scat_angle_1020(>=80),albedo_440,albedo_675,albedo_870,albedo-1020,average_solar_zenith_angle_for_flux_calculation,DATA_TYPE
05:06:2016,06:07:54,157.255486,0.048086,0.033748,0.027436,0.026048,0.819079,09/06/2016,0,75.075265,2.194536,0.000533,1.848999,0.535331,98.777446,0,4,10,7,6,4,10,7,6,4,10,7,6,4,10,7,6,0.035290,0.108480,0.281900,0.299960,74.521298,Level_1.5
05:06:2016,06:35:30,157.274653,0.052121,0.037345,0.029951,0.028393,0.804709,09/06/2016,0,70.114098,1.498768,0.000696,1.830306,0.555373,98.924774,0,4,10,7,6,4,10,7,6,4,10,7,6,4,10,7,6,0.034510,0.103010,0.264980,0.281230,69.637688,Level_1.5
05:06:2016,07:07:51,157.297118,0.059853,0.041165,0.032977,0.031605,0.869645,09/06/2016,0,64.680442,1.283063,0.000758,1.807983,0.561269,98.991681,0,3,10,8,5,3,10,7,5,3,10,7,5,3,10,7,5,0.033330,0.099450,0.251660,0.266680,64.233161,Level_1.5
05:06:2016,08:07:34,157.338588,0.066806,0.043867,0.036021,0.034289,0.909184,09/06/2016,0,56.136163,1.003234,0.000403,1.805156,0.571590,98.994572,0,4,10,8,4,4,10,8,4,4,10,8,4,4,10,8,4,0.032370,0.095080,0.237360,0.248800,55.799343,Level_1.5
05:06:2016,11:07:32,157.463565,0.074227,0.049463,0.039004,0.032629,0.939225,09/06/2016,0,50.637475,2.016955,0.000411,1.758536,0.585293,98.918519,0,3,10,8,4,3,10,8,4,3,10,8,4,3,10,8,3,0.031890,0.092870,0.229910,0.242410,50.844453,Level_1.5
05:06:2016,12:07:34,157.505255,0.050669,0.031608,0.024085,0.020235,1.086244,09/06/2016,0,56.677593,11.251700,0.001862,1.782536,0.578028,99.000000,0,4,4,6,5,4,7,5,3,4,4,3,2,4,9,2,2,0.032520,0.095600,0.238380,0.249770,57.027678,Level_1.5
05:06:2016,13:39:55,157.569387,0.055685,0.036352,0.028145,0.023608,0.995002,09/06/2016,0,70.926528,4.457662,0.000178,1.825223,0.664268,98.931059,0,4,9,7,6,4,10,6,4,2,9,5,5,2,7,4,5,0.034890,0.105940,0.271030,0.284350,71.405898,Level_1.5
05:06:2016,14:07:22,157.588449,0.046853,0.026492,0.019289,0.016018,1.297930,09/06/2016,0,75.902504,4.993617,0.000250,1.847979,0.661746,98.958113,0,4,10,4,6,4,10,4,5,4,9,3,4,4,8,3,4,0.035980,0.110940,0.287970,0.304140,76.429218,Level_1.5
