Reflection, Transmission, Absorption, Diattenuation, and Phase vs. Wavelength

Reference wavelength for coating thickness: 0.3850 µm.
Phase and Retardance values are in degrees.

There is no coating on Surface 2.

Incident media: WATER
Substrate     : Air
Angle of Incidence: 14.1514

Wavelength  S-Reflect  P-Reflect S-Transmit P-Transmit   S-Absorb   P-Absorb  S-Phase-T  P-Phase-T  S-Phase-R  P-Phase-R    Diatt-T    Diatt-R   Retard-T   Retard-R
  0.385000  0.0255583  0.0179751  0.9744417  0.9820249  0.0000000  0.0000000    -0.0000    -0.0000     0.0000     0.0000  0.0038760  0.1741922     0.0000   180.0000
  0.386412  0.0255393  0.0179625  0.9744607  0.9820375  0.0000000  0.0000000    -0.0000    -0.0000     0.0000     0.0000  0.0038726  0.1741712     0.0000   180.0000
  0.387825  0.0255204  0.0179500  0.9744796  0.9820500  0.0000000  0.0000000    -0.0000    -0.0000     0.0000     0.0000  0.0038693  0.1741505     0.0000   180.0000
  0.389238  0.0255017  0.0179376  0.9744983  0.9820624  0.0000000  0.0000000    -0.0000    -0.0000     0.0000     0.0000  0.0038660  0.1741299     0.0000   180.0000
  0.390650  0.0254832  0.0179254  0.9745168  0.9820746  0.0000000  0.0000000    -0.0000    -0.0000     0.0000     0.0000  0.0038628  0.1741095     0.0000   180.0000
  0.392062  0.0254649  0.0179133  0.9745351  0.9820867  0.0000000  0.0000000    -0.0000    -0.0000     0.0000     0.0000  0.0038596  0.1740894     0.0000   180.0000
  0.393475  0.0254469  0.0179013  0.9745531  0.9820987  0.0000000  0.0000000    -0.0000    -0.0000     0.0000     0.0000  0.0038564  0.1740694     0.0000   180.0000
  0.394888  0.0254289  0.0178894  0.9745711  0.9821106  0.0000000  0.0000000    -0.0000    -0.0000     0.0000     0.0000  0.0038532  0.1740497     0.0000   180.0000
  0.396300  0.0254112  0.0178777  0.9745888  0.9821223  0.0000000  0.0000000    -0.0000    -0.0000     0.0000     0.0000  0.0038501  0.1740301     0.0000   180.0000
  0.397713  0.0253937  0.0178660  0.9746063  0.9821340  0.0000000  0.0000000    -0.0000    -0.0000     0.0000     0.0000  0.0038470  0.1740108     0.0000   180.0000
  0.399125  0.0253763  0.0178545  0.9746237  0.9821455  0.0000000  0.0000000    -0.0000    -0.0000     0.0000     0.0000  0.0038440  0.1739916     0.0000   180.0000
  0.400537  0.0253592  0.0178432  0.9746408  0.9821568  0.0000000  0.0000000    -0.0000    -0.0000     0.0000     0.0000  0.0038410  0.1739727     0.0000   180.0000
  0.401950  0.0253422  0.0178319  0.9746578  0.9821681  0.0000000  0.0000000    -0.0000    -0.0000     0.0000     0.0000  0.0038380  0.1739539     0.0000   180.0000
  0.403363  0.0253254  0.0178208  0.9746746  0.9821792  0.0000000  0.0000000    -0.0000    -0.0000     0.0000     0.0000  0.0038351  0.1739354     0.0000   180.0000
  0.404775  0.0253088  0.0178097  0.9746912  0.9821903  0.0000000  0.0000000    -0.0000    -0.0000     0.0000     0.0000  0.0038321  0.1739170     0.0000   180.0000
  0.406188  0.0252923  0.0177988  0.9747077  0.9822012  0.0000000  0.0000000    -0.0000    -0.0000     0.0000     0.0000  0.0038293  0.1738989     0.0000   180.0000
  0.407600  0.0252760  0.0177880  0.9747240  0.9822120  0.0000000  0.0000000    -0.0000    -0.0000     0.0000     0.0000  0.0038264  0.1738809     0.0000   180.0000
  0.409013  0.0252599  0.0177773  0.9747401  0.9822227  0.0000000  0.0000000    -0.0000    -0.0000     0.0000     0.0000  0.0038236  0.1738631     0.0000   180.0000
  0.410425  0.0252440  0.0177668  0.9747560  0.9822332  0.0000000  0.0000000    -0.0000    -0.0000     0.0000     0.0000  0.0038208  0.1738454     0.0000   180.0000
  0.411838  0.0252282  0.0177563  0.9747718  0.9822437  0.0000000  0.0000000    -0.0000    -0.0000     0.0000     0.0000  0.0038180  0.1738280     0.0000   180.0000
  0.413250  0.0252126  0.0177459  0.9747874  0.9822541  0.0000000  0.0000000    -0.0000    -0.0000     0.0000     0.0000  0.0038153  0.1738107     0.0000   180.0000
  0.414662  0.0251972  0.0177357  0.9748028  0.9822643  0.0000000  0.0000000    -0.0000    -0.0000     0.0000     0.0000  0.0038126  0.1737937     0.0000   180.0000
  0.416075  0.0251819  0.0177256  0.9748181  0.9822744  0.0000000  0.0000000    -0.0000    -0.0000     0.0000     0.0000  0.0038099  0.1737768     0.0000   180.0000
  0.417488  0.0251667  0.0177155  0.9748333  0.9822845  0.0000000  0.0000000    -0.0000    -0.0000     0.0000     0.0000  0.0038072  0.1737600     0.0000   180.0000
  0.418900  0.0251518  0.0177056  0.9748482  0.9822944  0.0000000  0.0000000    -0.0000    -0.0000     0.0000     0.0000  0.0038046  0.1737435     0.0000   180.0000
  0.420312  0.0251370  0.0176958  0.9748630  0.9823042  0.0000000  0.0000000    -0.0000    -0.0000     0.0000     0.0000  0.0038020  0.1737271     0.0000   180.0000
  0.421725  0.0251223  0.0176860  0.9748777  0.9823140  0.0000000  0.0000000    -0.0000    -0.0000     0.0000     0.0000  0.0037995  0.1737108     0.0000   180.0000
  0.423138  0.0251078  0.0176764  0.9748922  0.9823236  0.0000000  0.0000000    -0.0000    -0.0000     0.0000     0.0000  0.0037969  0.1736948     0.0000   180.0000
  0.424550  0.0250934  0.0176669  0.9749066  0.9823331  0.0000000  0.0000000    -0.0000    -0.0000     0.0000     0.0000  0.0037944  0.1736789     0.0000   180.0000
  0.425963  0.0250792  0.0176574  0.9749208  0.9823426  0.0000000  0.0000000    -0.0000    -0.0000     0.0000     0.0000  0.0037919  0.1736631     0.0000   180.0000
  0.427375  0.0250652  0.0176481  0.9749348  0.9823519  0.0000000  0.0000000    -0.0000    -0.0000     0.0000     0.0000  0.0037895  0.1736475     0.0000   180.0000
  0.428787  0.0250512  0.0176389  0.9749488  0.9823611  0.0000000  0.0000000    -0.0000    -0.0000     0.0000     0.0000  0.0037870  0.1736321     0.0000   180.0000
  0.430200  0.0250374  0.0176297  0.9749626  0.9823703  0.0000000  0.0000000    -0.0000    -0.0000     0.0000     0.0000  0.0037846  0.1736168     0.0000   180.0000
  0.431613  0.0250238  0.0176207  0.9749762  0.9823793  0.0000000  0.0000000    -0.0000    -0.0000     0.0000     0.0000  0.0037822  0.1736017     0.0000   180.0000
  0.433025  0.0250103  0.0176117  0.9749897  0.9823883  0.0000000  0.0000000    -0.0000    -0.0000     0.0000     0.0000  0.0037799  0.1735867     0.0000   180.0000
  0.434438  0.0249969  0.0176028  0.9750031  0.9823972  0.0000000  0.0000000    -0.0000    -0.0000     0.0000     0.0000  0.0037775  0.1735719     0.0000   180.0000
  0.435850  0.0249837  0.0175940  0.9750163  0.9824060  0.0000000  0.0000000    -0.0000    -0.0000     0.0000     0.0000  0.0037752  0.1735572     0.0000   180.0000
  0.437263  0.0249706  0.0175853  0.9750294  0.9824147  0.0000000  0.0000000    -0.0000    -0.0000     0.0000     0.0000  0.0037729  0.1735427     0.0000   180.0000
  0.438675  0.0249576  0.0175767  0.9750424  0.9824233  0.0000000  0.0000000    -0.0000    -0.0000     0.0000     0.0000  0.0037706  0.1735283     0.0000   180.0000
  0.440088  0.0249448  0.0175682  0.9750552  0.9824318  0.0000000  0.0000000    -0.0000    -0.0000     0.0000     0.0000  0.0037684  0.1735141     0.0000   180.0000
  0.441500  0.0249321  0.0175597  0.9750679  0.9824403  0.0000000  0.0000000    -0.0000    -0.0000     0.0000     0.0000  0.0037662  0.1735000     0.0000   180.0000
  0.442912  0.0249195  0.0175514  0.9750805  0.9824486  0.0000000  0.0000000    -0.0000    -0.0000     0.0000     0.0000  0.0037640  0.1734860     0.0000   180.0000
  0.444325  0.0249070  0.0175431  0.9750930  0.9824569  0.0000000  0.0000000    -0.0000    -0.0000     0.0000     0.0000  0.0037618  0.1734721     0.0000   180.0000
  0.445738  0.0248947  0.0175349  0.9751053  0.9824651  0.0000000  0.0000000    -0.0000    -0.0000     0.0000     0.0000  0.0037596  0.1734584     0.0000   180.0000
  0.447150  0.0248824  0.0175268  0.9751176  0.9824732  0.0000000  0.0000000    -0.0000    -0.0000     0.0000     0.0000  0.0037575  0.1734449     0.0000   180.0000
  0.448562  0.0248703  0.0175187  0.9751297  0.9824813  0.0000000  0.0000000    -0.0000    -0.0000     0.0000     0.0000  0.0037554  0.1734314     0.0000   180.0000
  0.449975  0.0248583  0.0175108  0.9751417  0.9824892  0.0000000  0.0000000    -0.0000    -0.0000     0.0000     0.0000  0.0037533  0.1734181     0.0000   180.0000
  0.451388  0.0248465  0.0175029  0.9751535  0.9824971  0.0000000  0.0000000    -0.0000    -0.0000     0.0000     0.0000  0.0037512  0.1734049     0.0000   180.0000
  0.452800  0.0248347  0.0174951  0.9751653  0.9825049  0.0000000  0.0000000    -0.0000    -0.0000     0.0000     0.0000  0.0037492  0.1733918     0.0000   180.0000
  0.454213  0.0248231  0.0174873  0.9751769  0.9825127  0.0000000  0.0000000    -0.0000    -0.0000     0.0000     0.0000  0.0037471  0.1733789     0.0000   180.0000
  0.455625  0.0248115  0.0174797  0.9751885  0.9825203  0.0000000  0.0000000    -0.0000    -0.0000     0.0000     0.0000  0.0037451  0.1733661     0.0000   180.0000
  0.457037  0.0248001  0.0174721  0.9751999  0.9825279  0.0000000  0.0000000    -0.0000    -0.0000     0.0000     0.0000  0.0037431  0.1733534     0.0000   180.0000
  0.458450  0.0247888  0.0174646  0.9752112  0.9825354  0.0000000  0.0000000    -0.0000    -0.0000     0.0000     0.0000  0.0037412  0.1733408     0.0000   180.0000
  0.459863  0.0247776  0.0174571  0.9752224  0.9825429  0.0000000  0.0000000    -0.0000    -0.0000     0.0000     0.0000  0.0037392  0.1733283     0.0000   180.0000
  0.461275  0.0247665  0.0174497  0.9752335  0.9825503  0.0000000  0.0000000    -0.0000    -0.0000     0.0000     0.0000  0.0037373  0.1733160     0.0000   180.0000
  0.462688  0.0247555  0.0174424  0.9752445  0.9825576  0.0000000  0.0000000    -0.0000    -0.0000     0.0000     0.0000  0.0037353  0.1733038     0.0000   180.0000
  0.464100  0.0247446  0.0174352  0.9752554  0.9825648  0.0000000  0.0000000    -0.0000    -0.0000     0.0000     0.0000  0.0037334  0.1732916     0.0000   180.0000
  0.465513  0.0247338  0.0174280  0.9752662  0.9825720  0.0000000  0.0000000    -0.0000    -0.0000     0.0000     0.0000  0.0037316  0.1732796     0.0000   180.0000
  0.466925  0.0247231  0.0174209  0.9752769  0.9825791  0.0000000  0.0000000    -0.0000    -0.0000     0.0000     0.0000  0.0037297  0.1732677     0.0000   180.0000
  0.468338  0.0247125  0.0174138  0.9752875  0.9825862  0.0000000  0.0000000    -0.0000    -0.0000     0.0000     0.0000  0.0037278  0.1732559     0.0000   180.0000
  0.469750  0.0247020  0.0174069  0.9752980  0.9825931  0.0000000  0.0000000    -0.0000    -0.0000     0.0000     0.0000  0.0037260  0.1732442     0.0000   180.0000
  0.471162  0.0246915  0.0173999  0.9753085  0.9826001  0.0000000  0.0000000    -0.0000    -0.0000     0.0000     0.0000  0.0037242  0.1732326     0.0000   180.0000
  0.472575  0.0246812  0.0173931  0.9753188  0.9826069  0.0000000  0.0000000    -0.0000    -0.0000     0.0000     0.0000  0.0037224  0.1732211     0.0000   180.0000
  0.473988  0.0246710  0.0173863  0.9753290  0.9826137  0.0000000  0.0000000    -0.0000    -0.0000     0.0000     0.0000  0.0037206  0.1732098     0.0000   180.0000
  0.475400  0.0246609  0.0173795  0.9753391  0.9826205  0.0000000  0.0000000    -0.0000    -0.0000     0.0000     0.0000  0.0037188  0.1731985     0.0000   180.0000
  0.476812  0.0246508  0.0173729  0.9753492  0.9826271  0.0000000  0.0000000    -0.0000    -0.0000     0.0000     0.0000  0.0037171  0.1731873     0.0000   180.0000
  0.478225  0.0246409  0.0173662  0.9753591  0.9826338  0.0000000  0.0000000    -0.0000    -0.0000     0.0000     0.0000  0.0037154  0.1731762     0.0000   180.0000
  0.479637  0.0246310  0.0173597  0.9753690  0.9826403  0.0000000  0.0000000    -0.0000    -0.0000     0.0000     0.0000  0.0037136  0.1731652     0.0000   180.0000
  0.481050  0.0246212  0.0173532  0.9753788  0.9826468  0.0000000  0.0000000    -0.0000    -0.0000     0.0000     0.0000  0.0037119  0.1731543     0.0000   180.0000
  0.482463  0.0246116  0.0173467  0.9753884  0.9826533  0.0000000  0.0000000    -0.0000    -0.0000     0.0000     0.0000  0.0037102  0.1731435     0.0000   180.0000
  0.483875  0.0246019  0.0173404  0.9753981  0.9826596  0.0000000  0.0000000    -0.0000    -0.0000     0.0000     0.0000  0.0037086  0.1731328     0.0000   180.0000
  0.485287  0.0245924  0.0173340  0.9754076  0.9826660  0.0000000  0.0000000    -0.0000    -0.0000     0.0000     0.0000  0.0037069  0.1731222     0.0000   180.0000
  0.486700  0.0245830  0.0173277  0.9754170  0.9826723  0.0000000  0.0000000    -0.0000    -0.0000     0.0000     0.0000  0.0037053  0.1731117     0.0000   180.0000
  0.488113  0.0245736  0.0173215  0.9754264  0.9826785  0.0000000  0.0000000    -0.0000    -0.0000     0.0000     0.0000  0.0037036  0.1731012     0.0000   180.0000
  0.489525  0.0245643  0.0173153  0.9754357  0.9826847  0.0000000  0.0000000    -0.0000    -0.0000     0.0000     0.0000  0.0037020  0.1730909     0.0000   180.0000
  0.490938  0.0245551  0.0173092  0.9754449  0.9826908  0.0000000  0.0000000    -0.0000    -0.0000     0.0000     0.0000  0.0037004  0.1730806     0.0000   180.0000
  0.492350  0.0245460  0.0173032  0.9754540  0.9826968  0.0000000  0.0000000    -0.0000    -0.0000     0.0000     0.0000  0.0036988  0.1730704     0.0000   180.0000
  0.493762  0.0245370  0.0172971  0.9754630  0.9827029  0.0000000  0.0000000    -0.0000    -0.0000     0.0000     0.0000  0.0036972  0.1730604     0.0000   180.0000
  0.495175  0.0245280  0.0172912  0.9754720  0.9827088  0.0000000  0.0000000    -0.0000    -0.0000     0.0000     0.0000  0.0036957  0.1730503     0.0000   180.0000
  0.496588  0.0245191  0.0172853  0.9754809  0.9827147  0.0000000  0.0000000    -0.0000    -0.0000     0.0000     0.0000  0.0036941  0.1730404     0.0000   180.0000
  0.498000  0.0245103  0.0172794  0.9754897  0.9827206  0.0000000  0.0000000    -0.0000    -0.0000     0.0000     0.0000  0.0036926  0.1730306     0.0000   180.0000
  0.499412  0.0245015  0.0172736  0.9754985  0.9827264  0.0000000  0.0000000    -0.0000    -0.0000     0.0000     0.0000  0.0036911  0.1730208     0.0000   180.0000
  0.500825  0.0244928  0.0172678  0.9755072  0.9827322  0.0000000  0.0000000    -0.0000    -0.0000     0.0000     0.0000  0.0036896  0.1730111     0.0000   180.0000
  0.502238  0.0244842  0.0172621  0.9755158  0.9827379  0.0000000  0.0000000    -0.0000    -0.0000     0.0000     0.0000  0.0036881  0.1730015     0.0000   180.0000
  0.503650  0.0244757  0.0172564  0.9755243  0.9827436  0.0000000  0.0000000    -0.0000    -0.0000     0.0000     0.0000  0.0036866  0.1729920     0.0000   180.0000
  0.505062  0.0244672  0.0172507  0.9755328  0.9827493  0.0000000  0.0000000    -0.0000    -0.0000     0.0000     0.0000  0.0036851  0.1729825     0.0000   180.0000
  0.506475  0.0244588  0.0172452  0.9755412  0.9827548  0.0000000  0.0000000    -0.0000    -0.0000     0.0000     0.0000  0.0036836  0.1729731     0.0000   180.0000
  0.507888  0.0244505  0.0172396  0.9755495  0.9827604  0.0000000  0.0000000    -0.0000    -0.0000     0.0000     0.0000  0.0036822  0.1729638     0.0000   180.0000
  0.509300  0.0244422  0.0172341  0.9755578  0.9827659  0.0000000  0.0000000    -0.0000    -0.0000     0.0000     0.0000  0.0036808  0.1729546     0.0000   180.0000
  0.510713  0.0244340  0.0172287  0.9755660  0.9827713  0.0000000  0.0000000    -0.0000    -0.0000     0.0000     0.0000  0.0036793  0.1729454     0.0000   180.0000
  0.512125  0.0244259  0.0172232  0.9755741  0.9827768  0.0000000  0.0000000    -0.0000    -0.0000     0.0000     0.0000  0.0036779  0.1729364     0.0000   180.0000
  0.513537  0.0244178  0.0172179  0.9755822  0.9827821  0.0000000  0.0000000    -0.0000    -0.0000     0.0000     0.0000  0.0036765  0.1729273     0.0000   180.0000
  0.514950  0.0244098  0.0172125  0.9755902  0.9827875  0.0000000  0.0000000    -0.0000    -0.0000     0.0000     0.0000  0.0036751  0.1729184     0.0000   180.0000
  0.516363  0.0244018  0.0172072  0.9755982  0.9827928  0.0000000  0.0000000    -0.0000    -0.0000     0.0000     0.0000  0.0036737  0.1729095     0.0000   180.0000
  0.517775  0.0243940  0.0172020  0.9756060  0.9827980  0.0000000  0.0000000    -0.0000    -0.0000     0.0000     0.0000  0.0036724  0.1729007     0.0000   180.0000
  0.519188  0.0243861  0.0171968  0.9756139  0.9828032  0.0000000  0.0000000    -0.0000    -0.0000     0.0000     0.0000  0.0036710  0.1728919     0.0000   180.0000
  0.520600  0.0243784  0.0171916  0.9756216  0.9828084  0.0000000  0.0000000    -0.0000    -0.0000     0.0000     0.0000  0.0036697  0.1728833     0.0000   180.0000
  0.522012  0.0243707  0.0171865  0.9756293  0.9828135  0.0000000  0.0000000    -0.0000    -0.0000     0.0000     0.0000  0.0036683  0.1728746     0.0000   180.0000
  0.523425  0.0243630  0.0171814  0.9756370  0.9828186  0.0000000  0.0000000    -0.0000    -0.0000     0.0000     0.0000  0.0036670  0.1728661     0.0000   180.0000
  0.524838  0.0243554  0.0171763  0.9756446  0.9828237  0.0000000  0.0000000    -0.0000    -0.0000     0.0000     0.0000  0.0036657  0.1728576     0.0000   180.0000
  0.526250  0.0243479  0.0171713  0.9756521  0.9828287  0.0000000  0.0000000    -0.0000    -0.0000     0.0000     0.0000  0.0036644  0.1728492     0.0000   180.0000
  0.527663  0.0243404  0.0171663  0.9756596  0.9828337  0.0000000  0.0000000    -0.0000    -0.0000     0.0000     0.0000  0.0036631  0.1728408     0.0000   180.0000
  0.529075  0.0243330  0.0171614  0.9756670  0.9828386  0.0000000  0.0000000    -0.0000    -0.0000     0.0000     0.0000  0.0036618  0.1728325     0.0000   180.0000
  0.530488  0.0243256  0.0171565  0.9756744  0.9828435  0.0000000  0.0000000    -0.0000    -0.0000     0.0000     0.0000  0.0036605  0.1728243     0.0000   180.0000
  0.531900  0.0243183  0.0171516  0.9756817  0.9828484  0.0000000  0.0000000    -0.0000    -0.0000     0.0000     0.0000  0.0036592  0.1728161     0.0000   180.0000
  0.533312  0.0243110  0.0171468  0.9756890  0.9828532  0.0000000  0.0000000    -0.0000    -0.0000     0.0000     0.0000  0.0036579  0.1728080     0.0000   180.0000
  0.534725  0.0243038  0.0171420  0.9756962  0.9828580  0.0000000  0.0000000    -0.0000    -0.0000     0.0000     0.0000  0.0036567  0.1727999     0.0000   180.0000
  0.536137  0.0242967  0.0171372  0.9757033  0.9828628  0.0000000  0.0000000    -0.0000    -0.0000     0.0000     0.0000  0.0036555  0.1727919     0.0000   180.0000
  0.537550  0.0242896  0.0171325  0.9757104  0.9828675  0.0000000  0.0000000    -0.0000    -0.0000     0.0000     0.0000  0.0036542  0.1727839     0.0000   180.0000
  0.538963  0.0242825  0.0171278  0.9757175  0.9828722  0.0000000  0.0000000    -0.0000    -0.0000     0.0000     0.0000  0.0036530  0.1727760     0.0000   180.0000
  0.540375  0.0242755  0.0171231  0.9757245  0.9828769  0.0000000  0.0000000    -0.0000    -0.0000     0.0000     0.0000  0.0036518  0.1727682     0.0000   180.0000
  0.541787  0.0242686  0.0171185  0.9757314  0.9828815  0.0000000  0.0000000    -0.0000    -0.0000     0.0000     0.0000  0.0036506  0.1727604     0.0000   180.0000
  0.543200  0.0242617  0.0171139  0.9757383  0.9828861  0.0000000  0.0000000    -0.0000    -0.0000     0.0000     0.0000  0.0036494  0.1727527     0.0000   180.0000
  0.544612  0.0242548  0.0171093  0.9757452  0.9828907  0.0000000  0.0000000    -0.0000    -0.0000     0.0000     0.0000  0.0036482  0.1727450     0.0000   180.0000
  0.546025  0.0242480  0.0171048  0.9757520  0.9828952  0.0000000  0.0000000    -0.0000    -0.0000     0.0000     0.0000  0.0036470  0.1727374     0.0000   180.0000
  0.547438  0.0242412  0.0171003  0.9757588  0.9828997  0.0000000  0.0000000    -0.0000    -0.0000     0.0000     0.0000  0.0036458  0.1727298     0.0000   180.0000
  0.548850  0.0242345  0.0170958  0.9757655  0.9829042  0.0000000  0.0000000    -0.0000    -0.0000     0.0000     0.0000  0.0036447  0.1727223     0.0000   180.0000
  0.550262  0.0242278  0.0170914  0.9757722  0.9829086  0.0000000  0.0000000    -0.0000    -0.0000     0.0000     0.0000  0.0036435  0.1727148     0.0000   180.0000
  0.551675  0.0242212  0.0170870  0.9757788  0.9829130  0.0000000  0.0000000    -0.0000    -0.0000     0.0000     0.0000  0.0036423  0.1727074     0.0000   180.0000
  0.553087  0.0242146  0.0170826  0.9757854  0.9829174  0.0000000  0.0000000    -0.0000    -0.0000     0.0000     0.0000  0.0036412  0.1727000     0.0000   180.0000
  0.554500  0.0242081  0.0170783  0.9757919  0.9829217  0.0000000  0.0000000    -0.0000    -0.0000     0.0000     0.0000  0.0036401  0.1726927     0.0000   180.0000
  0.555913  0.0242016  0.0170739  0.9757984  0.9829261  0.0000000  0.0000000    -0.0000    -0.0000     0.0000     0.0000  0.0036389  0.1726854     0.0000   180.0000
  0.557325  0.0241952  0.0170696  0.9758048  0.9829304  0.0000000  0.0000000    -0.0000    -0.0000     0.0000     0.0000  0.0036378  0.1726782     0.0000   180.0000
  0.558738  0.0241888  0.0170654  0.9758112  0.9829346  0.0000000  0.0000000    -0.0000    -0.0000     0.0000     0.0000  0.0036367  0.1726710     0.0000   180.0000
  0.560150  0.0241824  0.0170611  0.9758176  0.9829389  0.0000000  0.0000000    -0.0000    -0.0000     0.0000     0.0000  0.0036356  0.1726639     0.0000   180.0000
  0.561562  0.0241761  0.0170569  0.9758239  0.9829431  0.0000000  0.0000000    -0.0000    -0.0000     0.0000     0.0000  0.0036345  0.1726568     0.0000   180.0000
  0.562975  0.0241698  0.0170527  0.9758302  0.9829473  0.0000000  0.0000000    -0.0000    -0.0000     0.0000     0.0000  0.0036334  0.1726498     0.0000   180.0000
  0.564388  0.0241636  0.0170486  0.9758364  0.9829514  0.0000000  0.0000000    -0.0000    -0.0000     0.0000     0.0000  0.0036323  0.1726428     0.0000   180.0000
  0.565800  0.0241574  0.0170444  0.9758426  0.9829556  0.0000000  0.0000000    -0.0000    -0.0000     0.0000     0.0000  0.0036313  0.1726358     0.0000   180.0000
  0.567213  0.0241512  0.0170403  0.9758488  0.9829597  0.0000000  0.0000000    -0.0000    -0.0000     0.0000     0.0000  0.0036302  0.1726289     0.0000   180.0000
  0.568625  0.0241451  0.0170363  0.9758549  0.9829637  0.0000000  0.0000000    -0.0000    -0.0000     0.0000     0.0000  0.0036291  0.1726221     0.0000   180.0000
  0.570037  0.0241390  0.0170322  0.9758610  0.9829678  0.0000000  0.0000000    -0.0000    -0.0000     0.0000     0.0000  0.0036281  0.1726153     0.0000   180.0000
  0.571450  0.0241330  0.0170282  0.9758670  0.9829718  0.0000000  0.0000000    -0.0000    -0.0000     0.0000     0.0000  0.0036270  0.1726085     0.0000   180.0000
  0.572863  0.0241270  0.0170242  0.9758730  0.9829758  0.0000000  0.0000000    -0.0000    -0.0000     0.0000     0.0000  0.0036260  0.1726017     0.0000   180.0000
  0.574275  0.0241210  0.0170202  0.9758790  0.9829798  0.0000000  0.0000000    -0.0000    -0.0000     0.0000     0.0000  0.0036250  0.1725951     0.0000   180.0000
  0.575688  0.0241151  0.0170163  0.9758849  0.9829837  0.0000000  0.0000000    -0.0000    -0.0000     0.0000     0.0000  0.0036239  0.1725884     0.0000   180.0000
  0.577100  0.0241092  0.0170123  0.9758908  0.9829877  0.0000000  0.0000000    -0.0000    -0.0000     0.0000     0.0000  0.0036229  0.1725818     0.0000   180.0000
  0.578512  0.0241033  0.0170084  0.9758967  0.9829916  0.0000000  0.0000000    -0.0000    -0.0000     0.0000     0.0000  0.0036219  0.1725752     0.0000   180.0000
  0.579925  0.0240975  0.0170046  0.9759025  0.9829954  0.0000000  0.0000000    -0.0000    -0.0000     0.0000     0.0000  0.0036209  0.1725687     0.0000   180.0000
  0.581338  0.0240917  0.0170007  0.9759083  0.9829993  0.0000000  0.0000000    -0.0000    -0.0000     0.0000     0.0000  0.0036199  0.1725622     0.0000   180.0000
  0.582750  0.0240860  0.0169969  0.9759140  0.9830031  0.0000000  0.0000000    -0.0000    -0.0000     0.0000     0.0000  0.0036189  0.1725557     0.0000   180.0000
  0.584163  0.0240802  0.0169931  0.9759198  0.9830069  0.0000000  0.0000000    -0.0000    -0.0000     0.0000     0.0000  0.0036179  0.1725493     0.0000   180.0000
  0.585575  0.0240746  0.0169893  0.9759254  0.9830107  0.0000000  0.0000000    -0.0000    -0.0000     0.0000     0.0000  0.0036169  0.1725430     0.0000   180.0000
  0.586988  0.0240689  0.0169855  0.9759311  0.9830145  0.0000000  0.0000000    -0.0000    -0.0000     0.0000     0.0000  0.0036159  0.1725366     0.0000   180.0000
  0.588400  0.0240633  0.0169818  0.9759367  0.9830182  0.0000000  0.0000000    -0.0000    -0.0000     0.0000     0.0000  0.0036149  0.1725303     0.0000   180.0000
  0.589812  0.0240577  0.0169781  0.9759423  0.9830219  0.0000000  0.0000000    -0.0000    -0.0000     0.0000     0.0000  0.0036140  0.1725241     0.0000   180.0000
  0.591225  0.0240522  0.0169744  0.9759478  0.9830256  0.0000000  0.0000000    -0.0000    -0.0000     0.0000     0.0000  0.0036130  0.1725178     0.0000   180.0000
  0.592637  0.0240467  0.0169707  0.9759533  0.9830293  0.0000000  0.0000000    -0.0000    -0.0000     0.0000     0.0000  0.0036121  0.1725116     0.0000   180.0000
  0.594050  0.0240412  0.0169670  0.9759588  0.9830330  0.0000000  0.0000000    -0.0000    -0.0000     0.0000     0.0000  0.0036111  0.1725055     0.0000   180.0000
  0.595463  0.0240357  0.0169634  0.9759643  0.9830366  0.0000000  0.0000000    -0.0000    -0.0000     0.0000     0.0000  0.0036102  0.1724994     0.0000   180.0000
  0.596875  0.0240303  0.0169598  0.9759697  0.9830402  0.0000000  0.0000000    -0.0000    -0.0000     0.0000     0.0000  0.0036092  0.1724933     0.0000   180.0000
  0.598287  0.0240249  0.0169562  0.9759751  0.9830438  0.0000000  0.0000000    -0.0000    -0.0000     0.0000     0.0000  0.0036083  0.1724872     0.0000   180.0000
  0.599700  0.0240195  0.0169526  0.9759805  0.9830474  0.0000000  0.0000000    -0.0000    -0.0000     0.0000     0.0000  0.0036074  0.1724812     0.0000   180.0000
  0.601112  0.0240142  0.0169491  0.9759858  0.9830509  0.0000000  0.0000000    -0.0000    -0.0000     0.0000     0.0000  0.0036064  0.1724752     0.0000   180.0000
  0.602525  0.0240089  0.0169455  0.9759911  0.9830545  0.0000000  0.0000000    -0.0000    -0.0000     0.0000     0.0000  0.0036055  0.1724693     0.0000   180.0000
  0.603938  0.0240037  0.0169420  0.9759963  0.9830580  0.0000000  0.0000000    -0.0000    -0.0000     0.0000     0.0000  0.0036046  0.1724633     0.0000   180.0000
  0.605350  0.0239984  0.0169385  0.9760016  0.9830615  0.0000000  0.0000000    -0.0000    -0.0000     0.0000     0.0000  0.0036037  0.1724574     0.0000   180.0000
  0.606762  0.0239932  0.0169351  0.9760068  0.9830649  0.0000000  0.0000000    -0.0000    -0.0000     0.0000     0.0000  0.0036028  0.1724516     0.0000   180.0000
  0.608175  0.0239880  0.0169316  0.9760120  0.9830684  0.0000000  0.0000000    -0.0000    -0.0000     0.0000     0.0000  0.0036019  0.1724458     0.0000   180.0000
  0.609587  0.0239829  0.0169282  0.9760171  0.9830718  0.0000000  0.0000000    -0.0000    -0.0000     0.0000     0.0000  0.0036010  0.1724400     0.0000   180.0000
  0.611000  0.0239777  0.0169248  0.9760223  0.9830752  0.0000000  0.0000000    -0.0000    -0.0000     0.0000     0.0000  0.0036001  0.1724342     0.0000   180.0000
  0.612413  0.0239726  0.0169214  0.9760274  0.9830786  0.0000000  0.0000000    -0.0000    -0.0000     0.0000     0.0000  0.0035992  0.1724285     0.0000   180.0000
  0.613825  0.0239676  0.0169180  0.9760324  0.9830820  0.0000000  0.0000000    -0.0000    -0.0000     0.0000     0.0000  0.0035984  0.1724228     0.0000   180.0000
  0.615237  0.0239625  0.0169146  0.9760375  0.9830854  0.0000000  0.0000000    -0.0000    -0.0000     0.0000     0.0000  0.0035975  0.1724171     0.0000   180.0000
  0.616650  0.0239575  0.0169113  0.9760425  0.9830887  0.0000000  0.0000000    -0.0000    -0.0000     0.0000     0.0000  0.0035966  0.1724115     0.0000   180.0000
  0.618062  0.0239525  0.0169079  0.9760475  0.9830921  0.0000000  0.0000000    -0.0000    -0.0000     0.0000     0.0000  0.0035958  0.1724059     0.0000   180.0000
  0.619475  0.0239476  0.0169046  0.9760524  0.9830954  0.0000000  0.0000000    -0.0000    -0.0000     0.0000     0.0000  0.0035949  0.1724003     0.0000   180.0000
  0.620888  0.0239426  0.0169013  0.9760574  0.9830987  0.0000000  0.0000000    -0.0000    -0.0000     0.0000     0.0000  0.0035940  0.1723947     0.0000   180.0000
  0.622300  0.0239377  0.0168981  0.9760623  0.9831019  0.0000000  0.0000000    -0.0000    -0.0000     0.0000     0.0000  0.0035932  0.1723892     0.0000   180.0000
  0.623713  0.0239328  0.0168948  0.9760672  0.9831052  0.0000000  0.0000000    -0.0000    -0.0000     0.0000     0.0000  0.0035923  0.1723837     0.0000   180.0000
  0.625125  0.0239280  0.0168916  0.9760720  0.9831084  0.0000000  0.0000000    -0.0000    -0.0000     0.0000     0.0000  0.0035915  0.1723783     0.0000   180.0000
  0.626537  0.0239231  0.0168883  0.9760769  0.9831117  0.0000000  0.0000000    -0.0000    -0.0000     0.0000     0.0000  0.0035907  0.1723728     0.0000   180.0000
  0.627950  0.0239183  0.0168851  0.9760817  0.9831149  0.0000000  0.0000000    -0.0000    -0.0000     0.0000     0.0000  0.0035898  0.1723674     0.0000   180.0000
  0.629363  0.0239135  0.0168819  0.9760865  0.9831181  0.0000000  0.0000000    -0.0000    -0.0000     0.0000     0.0000  0.0035890  0.1723620     0.0000   180.0000
  0.630775  0.0239088  0.0168788  0.9760912  0.9831212  0.0000000  0.0000000    -0.0000    -0.0000     0.0000     0.0000  0.0035882  0.1723567     0.0000   180.0000
  0.632188  0.0239040  0.0168756  0.9760960  0.9831244  0.0000000  0.0000000    -0.0000    -0.0000     0.0000     0.0000  0.0035874  0.1723513     0.0000   180.0000
  0.633600  0.0238993  0.0168725  0.9761007  0.9831275  0.0000000  0.0000000    -0.0000    -0.0000     0.0000     0.0000  0.0035865  0.1723460     0.0000   180.0000
  0.635012  0.0238946  0.0168693  0.9761054  0.9831307  0.0000000  0.0000000    -0.0000    -0.0000     0.0000     0.0000  0.0035857  0.1723407     0.0000   180.0000
  0.636425  0.0238899  0.0168662  0.9761101  0.9831338  0.0000000  0.0000000    -0.0000    -0.0000     0.0000     0.0000  0.0035849  0.1723355     0.0000   180.0000
  0.637838  0.0238853  0.0168631  0.9761147  0.9831369  0.0000000  0.0000000    -0.0000    -0.0000     0.0000     0.0000  0.0035841  0.1723303     0.0000   180.0000
  0.639250  0.0238807  0.0168600  0.9761193  0.9831400  0.0000000  0.0000000    -0.0000    -0.0000     0.0000     0.0000  0.0035833  0.1723251     0.0000   180.0000
  0.640662  0.0238761  0.0168570  0.9761239  0.9831430  0.0000000  0.0000000    -0.0000    -0.0000     0.0000     0.0000  0.0035825  0.1723199     0.0000   180.0000
  0.642075  0.0238715  0.0168539  0.9761285  0.9831461  0.0000000  0.0000000    -0.0000    -0.0000     0.0000     0.0000  0.0035817  0.1723147     0.0000   180.0000
  0.643487  0.0238669  0.0168509  0.9761331  0.9831491  0.0000000  0.0000000    -0.0000    -0.0000     0.0000     0.0000  0.0035809  0.1723096     0.0000   180.0000
  0.644900  0.0238624  0.0168478  0.9761376  0.9831522  0.0000000  0.0000000    -0.0000    -0.0000     0.0000     0.0000  0.0035802  0.1723045     0.0000   180.0000
  0.646313  0.0238579  0.0168448  0.9761421  0.9831552  0.0000000  0.0000000    -0.0000    -0.0000     0.0000     0.0000  0.0035794  0.1722994     0.0000   180.0000
  0.647725  0.0238534  0.0168418  0.9761466  0.9831582  0.0000000  0.0000000    -0.0000    -0.0000     0.0000     0.0000  0.0035786  0.1722944     0.0000   180.0000
  0.649137  0.0238489  0.0168389  0.9761511  0.9831611  0.0000000  0.0000000    -0.0000    -0.0000     0.0000     0.0000  0.0035778  0.1722893     0.0000   180.0000
  0.650550  0.0238445  0.0168359  0.9761555  0.9831641  0.0000000  0.0000000    -0.0000    -0.0000     0.0000     0.0000  0.0035771  0.1722843     0.0000   180.0000
  0.651963  0.0238400  0.0168329  0.9761600  0.9831671  0.0000000  0.0000000    -0.0000    -0.0000     0.0000     0.0000  0.0035763  0.1722793     0.0000   180.0000
  0.653375  0.0238356  0.0168300  0.9761644  0.9831700  0.0000000  0.0000000    -0.0000    -0.0000     0.0000     0.0000  0.0035755  0.1722744     0.0000   180.0000
  0.654787  0.0238312  0.0168271  0.9761688  0.9831729  0.0000000  0.0000000    -0.0000    -0.0000     0.0000     0.0000  0.0035748  0.1722694     0.0000   180.0000
  0.656200  0.0238269  0.0168241  0.9761731  0.9831759  0.0000000  0.0000000    -0.0000    -0.0000     0.0000     0.0000  0.0035740  0.1722645     0.0000   180.0000
  0.657612  0.0238225  0.0168212  0.9761775  0.9831788  0.0000000  0.0000000    -0.0000    -0.0000     0.0000     0.0000  0.0035733  0.1722596     0.0000   180.0000
  0.659025  0.0238182  0.0168184  0.9761818  0.9831816  0.0000000  0.0000000    -0.0000    -0.0000     0.0000     0.0000  0.0035725  0.1722547     0.0000   180.0000
  0.660438  0.0238139  0.0168155  0.9761861  0.9831845  0.0000000  0.0000000    -0.0000    -0.0000     0.0000     0.0000  0.0035718  0.1722499     0.0000   180.0000
  0.661850  0.0238096  0.0168126  0.9761904  0.9831874  0.0000000  0.0000000    -0.0000    -0.0000     0.0000     0.0000  0.0035710  0.1722450     0.0000   180.0000
  0.663262  0.0238053  0.0168098  0.9761947  0.9831902  0.0000000  0.0000000    -0.0000    -0.0000     0.0000     0.0000  0.0035703  0.1722402     0.0000   180.0000
  0.664675  0.0238011  0.0168069  0.9761989  0.9831931  0.0000000  0.0000000    -0.0000    -0.0000     0.0000     0.0000  0.0035695  0.1722354     0.0000   180.0000
  0.666087  0.0237968  0.0168041  0.9762032  0.9831959  0.0000000  0.0000000    -0.0000    -0.0000     0.0000     0.0000  0.0035688  0.1722307     0.0000   180.0000
  0.667500  0.0237926  0.0168013  0.9762074  0.9831987  0.0000000  0.0000000    -0.0000    -0.0000     0.0000     0.0000  0.0035681  0.1722259     0.0000   180.0000
  0.668913  0.0237884  0.0167985  0.9762116  0.9832015  0.0000000  0.0000000    -0.0000    -0.0000     0.0000     0.0000  0.0035674  0.1722212     0.0000   180.0000
  0.670325  0.0237842  0.0167957  0.9762158  0.9832043  0.0000000  0.0000000    -0.0000    -0.0000     0.0000     0.0000  0.0035666  0.1722165     0.0000   180.0000
  0.671737  0.0237801  0.0167929  0.9762199  0.9832071  0.0000000  0.0000000    -0.0000    -0.0000     0.0000     0.0000  0.0035659  0.1722118     0.0000   180.0000
  0.673150  0.0237759  0.0167902  0.9762241  0.9832098  0.0000000  0.0000000    -0.0000    -0.0000     0.0000     0.0000  0.0035652  0.1722071     0.0000   180.0000
  0.674562  0.0237718  0.0167874  0.9762282  0.9832126  0.0000000  0.0000000    -0.0000    -0.0000     0.0000     0.0000  0.0035645  0.1722025     0.0000   180.0000
  0.675975  0.0237677  0.0167847  0.9762323  0.9832153  0.0000000  0.0000000    -0.0000    -0.0000     0.0000     0.0000  0.0035638  0.1721978     0.0000   180.0000
  0.677388  0.0237636  0.0167819  0.9762364  0.9832181  0.0000000  0.0000000    -0.0000    -0.0000     0.0000     0.0000  0.0035631  0.1721932     0.0000   180.0000
  0.678800  0.0237595  0.0167792  0.9762405  0.9832208  0.0000000  0.0000000    -0.0000    -0.0000     0.0000     0.0000  0.0035624  0.1721886     0.0000   180.0000
  0.680213  0.0237555  0.0167765  0.9762445  0.9832235  0.0000000  0.0000000    -0.0000    -0.0000     0.0000     0.0000  0.0035617  0.1721841     0.0000   180.0000
  0.681625  0.0237514  0.0167738  0.9762486  0.9832262  0.0000000  0.0000000    -0.0000    -0.0000     0.0000     0.0000  0.0035610  0.1721795     0.0000   180.0000
  0.683037  0.0237474  0.0167711  0.9762526  0.9832289  0.0000000  0.0000000    -0.0000    -0.0000     0.0000     0.0000  0.0035603  0.1721750     0.0000   180.0000
  0.684450  0.0237434  0.0167685  0.9762566  0.9832315  0.0000000  0.0000000    -0.0000    -0.0000     0.0000     0.0000  0.0035596  0.1721704     0.0000   180.0000
  0.685863  0.0237394  0.0167658  0.9762606  0.9832342  0.0000000  0.0000000    -0.0000    -0.0000     0.0000     0.0000  0.0035589  0.1721659     0.0000   180.0000
  0.687275  0.0237354  0.0167631  0.9762646  0.9832369  0.0000000  0.0000000    -0.0000    -0.0000     0.0000     0.0000  0.0035582  0.1721615     0.0000   180.0000
  0.688688  0.0237315  0.0167605  0.9762685  0.9832395  0.0000000  0.0000000    -0.0000    -0.0000     0.0000     0.0000  0.0035575  0.1721570     0.0000   180.0000
  0.690100  0.0237275  0.0167579  0.9762725  0.9832421  0.0000000  0.0000000    -0.0000    -0.0000     0.0000     0.0000  0.0035568  0.1721525     0.0000   180.0000
  0.691512  0.0237236  0.0167552  0.9762764  0.9832448  0.0000000  0.0000000    -0.0000    -0.0000     0.0000     0.0000  0.0035562  0.1721481     0.0000   180.0000
  0.692925  0.0237197  0.0167526  0.9762803  0.9832474  0.0000000  0.0000000    -0.0000    -0.0000     0.0000     0.0000  0.0035555  0.1721437     0.0000   180.0000
  0.694338  0.0237158  0.0167500  0.9762842  0.9832500  0.0000000  0.0000000    -0.0000    -0.0000     0.0000     0.0000  0.0035548  0.1721393     0.0000   180.0000
  0.695750  0.0237119  0.0167474  0.9762881  0.9832526  0.0000000  0.0000000    -0.0000    -0.0000     0.0000     0.0000  0.0035541  0.1721349     0.0000   180.0000
  0.697162  0.0237080  0.0167449  0.9762920  0.9832551  0.0000000  0.0000000    -0.0000    -0.0000     0.0000     0.0000  0.0035535  0.1721306     0.0000   180.0000
  0.698575  0.0237042  0.0167423  0.9762958  0.9832577  0.0000000  0.0000000    -0.0000    -0.0000     0.0000     0.0000  0.0035528  0.1721262     0.0000   180.0000
  0.699987  0.0237004  0.0167397  0.9762996  0.9832603  0.0000000  0.0000000    -0.0000    -0.0000     0.0000     0.0000  0.0035521  0.1721219     0.0000   180.0000
  0.701400  0.0236965  0.0167372  0.9763035  0.9832628  0.0000000  0.0000000    -0.0000    -0.0000     0.0000     0.0000  0.0035515  0.1721176     0.0000   180.0000
  0.702813  0.0236927  0.0167346  0.9763073  0.9832654  0.0000000  0.0000000    -0.0000    -0.0000     0.0000     0.0000  0.0035508  0.1721133     0.0000   180.0000
  0.704225  0.0236889  0.0167321  0.9763111  0.9832679  0.0000000  0.0000000    -0.0000    -0.0000     0.0000     0.0000  0.0035502  0.1721090     0.0000   180.0000
  0.705637  0.0236851  0.0167296  0.9763149  0.9832704  0.0000000  0.0000000    -0.0000    -0.0000     0.0000     0.0000  0.0035495  0.1721047     0.0000   180.0000
  0.707050  0.0236814  0.0167271  0.9763186  0.9832729  0.0000000  0.0000000    -0.0000    -0.0000     0.0000     0.0000  0.0035489  0.1721005     0.0000   180.0000
  0.708463  0.0236776  0.0167246  0.9763224  0.9832754  0.0000000  0.0000000    -0.0000    -0.0000     0.0000     0.0000  0.0035482  0.1720963     0.0000   180.0000
  0.709875  0.0236739  0.0167221  0.9763261  0.9832779  0.0000000  0.0000000    -0.0000    -0.0000     0.0000     0.0000  0.0035476  0.1720920     0.0000   180.0000
  0.711287  0.0236702  0.0167196  0.9763298  0.9832804  0.0000000  0.0000000    -0.0000    -0.0000     0.0000     0.0000  0.0035469  0.1720878     0.0000   180.0000
  0.712700  0.0236665  0.0167171  0.9763335  0.9832829  0.0000000  0.0000000    -0.0000    -0.0000     0.0000     0.0000  0.0035463  0.1720836     0.0000   180.0000
  0.714112  0.0236628  0.0167146  0.9763372  0.9832854  0.0000000  0.0000000    -0.0000    -0.0000     0.0000     0.0000  0.0035456  0.1720795     0.0000   180.0000
  0.715525  0.0236591  0.0167122  0.9763409  0.9832878  0.0000000  0.0000000    -0.0000    -0.0000     0.0000     0.0000  0.0035450  0.1720753     0.0000   180.0000
  0.716938  0.0236554  0.0167097  0.9763446  0.9832903  0.0000000  0.0000000    -0.0000    -0.0000     0.0000     0.0000  0.0035444  0.1720712     0.0000   180.0000
  0.718350  0.0236517  0.0167073  0.9763483  0.9832927  0.0000000  0.0000000    -0.0000    -0.0000     0.0000     0.0000  0.0035437  0.1720670     0.0000   180.0000
  0.719762  0.0236481  0.0167049  0.9763519  0.9832951  0.0000000  0.0000000    -0.0000    -0.0000     0.0000     0.0000  0.0035431  0.1720629     0.0000   180.0000
  0.721175  0.0236445  0.0167024  0.9763555  0.9832976  0.0000000  0.0000000    -0.0000    -0.0000     0.0000     0.0000  0.0035425  0.1720588     0.0000   180.0000
  0.722587  0.0236408  0.0167000  0.9763592  0.9833000  0.0000000  0.0000000    -0.0000    -0.0000     0.0000     0.0000  0.0035419  0.1720547     0.0000   180.0000
  0.724000  0.0236372  0.0166976  0.9763628  0.9833024  0.0000000  0.0000000    -0.0000    -0.0000     0.0000     0.0000  0.0035412  0.1720507     0.0000   180.0000
  0.725413  0.0236336  0.0166952  0.9763664  0.9833048  0.0000000  0.0000000    -0.0000    -0.0000     0.0000     0.0000  0.0035406  0.1720466     0.0000   180.0000
  0.726825  0.0236301  0.0166928  0.9763699  0.9833072  0.0000000  0.0000000    -0.0000    -0.0000     0.0000     0.0000  0.0035400  0.1720426     0.0000   180.0000
  0.728237  0.0236265  0.0166904  0.9763735  0.9833096  0.0000000  0.0000000    -0.0000    -0.0000     0.0000     0.0000  0.0035394  0.1720385     0.0000   180.0000
  0.729650  0.0236229  0.0166881  0.9763771  0.9833119  0.0000000  0.0000000    -0.0000    -0.0000     0.0000     0.0000  0.0035388  0.1720345     0.0000   180.0000
  0.731062  0.0236194  0.0166857  0.9763806  0.9833143  0.0000000  0.0000000    -0.0000    -0.0000     0.0000     0.0000  0.0035382  0.1720305     0.0000   180.0000
  0.732475  0.0236159  0.0166833  0.9763841  0.9833167  0.0000000  0.0000000    -0.0000    -0.0000     0.0000     0.0000  0.0035375  0.1720265     0.0000   180.0000
  0.733888  0.0236123  0.0166810  0.9763877  0.9833190  0.0000000  0.0000000    -0.0000    -0.0000     0.0000     0.0000  0.0035369  0.1720225     0.0000   180.0000
  0.735300  0.0236088  0.0166786  0.9763912  0.9833214  0.0000000  0.0000000    -0.0000    -0.0000     0.0000     0.0000  0.0035363  0.1720186     0.0000   180.0000
  0.736712  0.0236053  0.0166763  0.9763947  0.9833237  0.0000000  0.0000000    -0.0000    -0.0000     0.0000     0.0000  0.0035357  0.1720146     0.0000   180.0000
  0.738125  0.0236018  0.0166740  0.9763982  0.9833260  0.0000000  0.0000000    -0.0000    -0.0000     0.0000     0.0000  0.0035351  0.1720107     0.0000   180.0000
  0.739537  0.0235984  0.0166716  0.9764016  0.9833284  0.0000000  0.0000000    -0.0000    -0.0000     0.0000     0.0000  0.0035345  0.1720067     0.0000   180.0000
  0.740950  0.0235949  0.0166693  0.9764051  0.9833307  0.0000000  0.0000000    -0.0000    -0.0000     0.0000     0.0000  0.0035339  0.1720028     0.0000   180.0000
  0.742363  0.0235914  0.0166670  0.9764086  0.9833330  0.0000000  0.0000000    -0.0000    -0.0000     0.0000     0.0000  0.0035333  0.1719989     0.0000   180.0000
  0.743775  0.0235880  0.0166647  0.9764120  0.9833353  0.0000000  0.0000000    -0.0000    -0.0000     0.0000     0.0000  0.0035327  0.1719950     0.0000   180.0000
  0.745188  0.0235846  0.0166624  0.9764154  0.9833376  0.0000000  0.0000000    -0.0000    -0.0000     0.0000     0.0000  0.0035321  0.1719912     0.0000   180.0000
  0.746600  0.0235811  0.0166601  0.9764189  0.9833399  0.0000000  0.0000000    -0.0000    -0.0000     0.0000     0.0000  0.0035316  0.1719873     0.0000   180.0000
  0.748012  0.0235777  0.0166579  0.9764223  0.9833421  0.0000000  0.0000000    -0.0000    -0.0000     0.0000     0.0000  0.0035310  0.1719834     0.0000   180.0000
  0.749425  0.0235743  0.0166556  0.9764257  0.9833444  0.0000000  0.0000000    -0.0000    -0.0000     0.0000     0.0000  0.0035304  0.1719796     0.0000   180.0000
  0.750838  0.0235709  0.0166533  0.9764291  0.9833467  0.0000000  0.0000000    -0.0000    -0.0000     0.0000     0.0000  0.0035298  0.1719758     0.0000   180.0000
  0.752250  0.0235676  0.0166511  0.9764324  0.9833489  0.0000000  0.0000000    -0.0000    -0.0000     0.0000     0.0000  0.0035292  0.1719720     0.0000   180.0000
  0.753663  0.0235642  0.0166488  0.9764358  0.9833512  0.0000000  0.0000000    -0.0000    -0.0000     0.0000     0.0000  0.0035286  0.1719681     0.0000   180.0000
  0.755075  0.0235608  0.0166466  0.9764392  0.9833534  0.0000000  0.0000000    -0.0000    -0.0000     0.0000     0.0000  0.0035280  0.1719643     0.0000   180.0000
  0.756487  0.0235575  0.0166444  0.9764425  0.9833556  0.0000000  0.0000000    -0.0000    -0.0000     0.0000     0.0000  0.0035275  0.1719606     0.0000   180.0000
  0.757900  0.0235541  0.0166421  0.9764459  0.9833579  0.0000000  0.0000000    -0.0000    -0.0000     0.0000     0.0000  0.0035269  0.1719568     0.0000   180.0000
  0.759313  0.0235508  0.0166399  0.9764492  0.9833601  0.0000000  0.0000000    -0.0000    -0.0000     0.0000     0.0000  0.0035263  0.1719530     0.0000   180.0000
  0.760725  0.0235475  0.0166377  0.9764525  0.9833623  0.0000000  0.0000000    -0.0000    -0.0000     0.0000     0.0000  0.0035257  0.1719493     0.0000   180.0000
  0.762137  0.0235442  0.0166355  0.9764558  0.9833645  0.0000000  0.0000000    -0.0000    -0.0000     0.0000     0.0000  0.0035252  0.1719455     0.0000   180.0000
  0.763550  0.0235409  0.0166333  0.9764591  0.9833667  0.0000000  0.0000000    -0.0000    -0.0000     0.0000     0.0000  0.0035246  0.1719418     0.0000   180.0000
  0.764962  0.0235376  0.0166311  0.9764624  0.9833689  0.0000000  0.0000000    -0.0000    -0.0000     0.0000     0.0000  0.0035240  0.1719381     0.0000   180.0000
  0.766375  0.0235343  0.0166289  0.9764657  0.9833711  0.0000000  0.0000000    -0.0000    -0.0000     0.0000     0.0000  0.0035235  0.1719344     0.0000   180.0000
  0.767788  0.0235310  0.0166267  0.9764690  0.9833733  0.0000000  0.0000000    -0.0000    -0.0000     0.0000     0.0000  0.0035229  0.1719307     0.0000   180.0000
  0.769200  0.0235278  0.0166245  0.9764722  0.9833755  0.0000000  0.0000000    -0.0000    -0.0000     0.0000     0.0000  0.0035223  0.1719270     0.0000   180.0000
  0.770612  0.0235245  0.0166224  0.9764755  0.9833776  0.0000000  0.0000000    -0.0000    -0.0000     0.0000     0.0000  0.0035218  0.1719233     0.0000   180.0000
  0.772025  0.0235213  0.0166202  0.9764787  0.9833798  0.0000000  0.0000000    -0.0000    -0.0000     0.0000     0.0000  0.0035212  0.1719196     0.0000   180.0000
  0.773438  0.0235181  0.0166180  0.9764819  0.9833820  0.0000000  0.0000000    -0.0000    -0.0000     0.0000     0.0000  0.0035207  0.1719160     0.0000   180.0000
  0.774850  0.0235148  0.0166159  0.9764852  0.9833841  0.0000000  0.0000000    -0.0000    -0.0000     0.0000     0.0000  0.0035201  0.1719123     0.0000   180.0000
  0.776262  0.0235116  0.0166137  0.9764884  0.9833863  0.0000000  0.0000000    -0.0000    -0.0000     0.0000     0.0000  0.0035196  0.1719087     0.0000   180.0000
  0.777675  0.0235084  0.0166116  0.9764916  0.9833884  0.0000000  0.0000000    -0.0000    -0.0000     0.0000     0.0000  0.0035190  0.1719051     0.0000   180.0000
  0.779087  0.0235052  0.0166094  0.9764948  0.9833906  0.0000000  0.0000000    -0.0000    -0.0000     0.0000     0.0000  0.0035185  0.1719015     0.0000   180.0000
  0.780500  0.0235020  0.0166073  0.9764980  0.9833927  0.0000000  0.0000000    -0.0000    -0.0000     0.0000     0.0000  0.0035179  0.1718979     0.0000   180.0000
  0.781913  0.0234988  0.0166052  0.9765012  0.9833948  0.0000000  0.0000000    -0.0000    -0.0000     0.0000     0.0000  0.0035174  0.1718943     0.0000   180.0000
  0.783325  0.0234957  0.0166031  0.9765043  0.9833969  0.0000000  0.0000000    -0.0000    -0.0000     0.0000     0.0000  0.0035168  0.1718907     0.0000   180.0000
  0.784737  0.0234925  0.0166010  0.9765075  0.9833990  0.0000000  0.0000000    -0.0000    -0.0000     0.0000     0.0000  0.0035163  0.1718871     0.0000   180.0000
  0.786150  0.0234894  0.0165989  0.9765106  0.9834011  0.0000000  0.0000000    -0.0000    -0.0000     0.0000     0.0000  0.0035157  0.1718835     0.0000   180.0000
  0.787562  0.0234862  0.0165967  0.9765138  0.9834033  0.0000000  0.0000000    -0.0000    -0.0000     0.0000     0.0000  0.0035152  0.1718800     0.0000   180.0000
  0.788975  0.0234831  0.0165947  0.9765169  0.9834053  0.0000000  0.0000000    -0.0000    -0.0000     0.0000     0.0000  0.0035146  0.1718764     0.0000   180.0000
  0.790388  0.0234799  0.0165926  0.9765201  0.9834074  0.0000000  0.0000000    -0.0000    -0.0000     0.0000     0.0000  0.0035141  0.1718729     0.0000   180.0000
  0.791800  0.0234768  0.0165905  0.9765232  0.9834095  0.0000000  0.0000000    -0.0000    -0.0000     0.0000     0.0000  0.0035136  0.1718693     0.0000   180.0000
  0.793212  0.0234737  0.0165884  0.9765263  0.9834116  0.0000000  0.0000000    -0.0000    -0.0000     0.0000     0.0000  0.0035130  0.1718658     0.0000   180.0000
  0.794625  0.0234706  0.0165863  0.9765294  0.9834137  0.0000000  0.0000000    -0.0000    -0.0000     0.0000     0.0000  0.0035125  0.1718623     0.0000   180.0000
  0.796037  0.0234675  0.0165842  0.9765325  0.9834158  0.0000000  0.0000000    -0.0000    -0.0000     0.0000     0.0000  0.0035120  0.1718588     0.0000   180.0000
  0.797450  0.0234644  0.0165822  0.9765356  0.9834178  0.0000000  0.0000000    -0.0000    -0.0000     0.0000     0.0000  0.0035114  0.1718553     0.0000   180.0000
  0.798863  0.0234613  0.0165801  0.9765387  0.9834199  0.0000000  0.0000000    -0.0000    -0.0000     0.0000     0.0000  0.0035109  0.1718518     0.0000   180.0000
  0.800275  0.0234582  0.0165781  0.9765418  0.9834219  0.0000000  0.0000000    -0.0000    -0.0000     0.0000     0.0000  0.0035104  0.1718483     0.0000   180.0000
  0.801688  0.0234552  0.0165760  0.9765448  0.9834240  0.0000000  0.0000000    -0.0000    -0.0000     0.0000     0.0000  0.0035098  0.1718448     0.0000   180.0000
  0.803100  0.0234521  0.0165740  0.9765479  0.9834260  0.0000000  0.0000000    -0.0000    -0.0000     0.0000     0.0000  0.0035093  0.1718414     0.0000   180.0000
  0.804512  0.0234491  0.0165719  0.9765509  0.9834281  0.0000000  0.0000000    -0.0000    -0.0000     0.0000     0.0000  0.0035088  0.1718379     0.0000   180.0000
  0.805925  0.0234460  0.0165699  0.9765540  0.9834301  0.0000000  0.0000000    -0.0000    -0.0000     0.0000     0.0000  0.0035082  0.1718345     0.0000   180.0000
  0.807338  0.0234430  0.0165679  0.9765570  0.9834321  0.0000000  0.0000000    -0.0000    -0.0000     0.0000     0.0000  0.0035077  0.1718310     0.0000   180.0000
  0.808750  0.0234399  0.0165658  0.9765601  0.9834342  0.0000000  0.0000000    -0.0000    -0.0000     0.0000     0.0000  0.0035072  0.1718276     0.0000   180.0000
  0.810163  0.0234369  0.0165638  0.9765631  0.9834362  0.0000000  0.0000000    -0.0000    -0.0000     0.0000     0.0000  0.0035067  0.1718242     0.0000   180.0000
  0.811575  0.0234339  0.0165618  0.9765661  0.9834382  0.0000000  0.0000000    -0.0000    -0.0000     0.0000     0.0000  0.0035062  0.1718208     0.0000   180.0000
  0.812987  0.0234309  0.0165598  0.9765691  0.9834402  0.0000000  0.0000000    -0.0000    -0.0000     0.0000     0.0000  0.0035056  0.1718174     0.0000   180.0000
  0.814400  0.0234279  0.0165578  0.9765721  0.9834422  0.0000000  0.0000000    -0.0000    -0.0000     0.0000     0.0000  0.0035051  0.1718140     0.0000   180.0000
  0.815813  0.0234249  0.0165558  0.9765751  0.9834442  0.0000000  0.0000000    -0.0000    -0.0000     0.0000     0.0000  0.0035046  0.1718106     0.0000   180.0000
  0.817225  0.0234219  0.0165538  0.9765781  0.9834462  0.0000000  0.0000000    -0.0000    -0.0000     0.0000     0.0000  0.0035041  0.1718072     0.0000   180.0000
  0.818637  0.0234189  0.0165518  0.9765811  0.9834482  0.0000000  0.0000000    -0.0000    -0.0000     0.0000     0.0000  0.0035036  0.1718038     0.0000   180.0000
  0.820050  0.0234159  0.0165498  0.9765841  0.9834502  0.0000000  0.0000000    -0.0000    -0.0000     0.0000     0.0000  0.0035031  0.1718004     0.0000   180.0000
  0.821462  0.0234130  0.0165478  0.9765870  0.9834522  0.0000000  0.0000000    -0.0000    -0.0000     0.0000     0.0000  0.0035026  0.1717971     0.0000   180.0000
  0.822875  0.0234100  0.0165458  0.9765900  0.9834542  0.0000000  0.0000000    -0.0000    -0.0000     0.0000     0.0000  0.0035020  0.1717937     0.0000   180.0000
  0.824288  0.0234071  0.0165439  0.9765929  0.9834561  0.0000000  0.0000000    -0.0000    -0.0000     0.0000     0.0000  0.0035015  0.1717904     0.0000   180.0000
  0.825700  0.0234041  0.0165419  0.9765959  0.9834581  0.0000000  0.0000000    -0.0000    -0.0000     0.0000     0.0000  0.0035010  0.1717870     0.0000   180.0000
  0.827112  0.0234012  0.0165399  0.9765988  0.9834601  0.0000000  0.0000000    -0.0000    -0.0000     0.0000     0.0000  0.0035005  0.1717837     0.0000   180.0000
  0.828525  0.0233982  0.0165380  0.9766018  0.9834620  0.0000000  0.0000000    -0.0000    -0.0000     0.0000     0.0000  0.0035000  0.1717804     0.0000   180.0000
  0.829937  0.0233953  0.0165360  0.9766047  0.9834640  0.0000000  0.0000000    -0.0000    -0.0000     0.0000     0.0000  0.0034995  0.1717770     0.0000   180.0000
  0.831350  0.0233924  0.0165341  0.9766076  0.9834659  0.0000000  0.0000000    -0.0000    -0.0000     0.0000     0.0000  0.0034990  0.1717737     0.0000   180.0000
  0.832762  0.0233895  0.0165321  0.9766105  0.9834679  0.0000000  0.0000000    -0.0000    -0.0000     0.0000     0.0000  0.0034985  0.1717704     0.0000   180.0000
  0.834175  0.0233865  0.0165302  0.9766135  0.9834698  0.0000000  0.0000000    -0.0000    -0.0000     0.0000     0.0000  0.0034980  0.1717671     0.0000   180.0000
  0.835587  0.0233836  0.0165282  0.9766164  0.9834718  0.0000000  0.0000000    -0.0000    -0.0000     0.0000     0.0000  0.0034975  0.1717638     0.0000   180.0000
  0.837000  0.0233807  0.0165263  0.9766193  0.9834737  0.0000000  0.0000000    -0.0000    -0.0000     0.0000     0.0000  0.0034970  0.1717605     0.0000   180.0000
  0.838413  0.0233779  0.0165244  0.9766221  0.9834756  0.0000000  0.0000000    -0.0000    -0.0000     0.0000     0.0000  0.0034965  0.1717573     0.0000   180.0000
  0.839825  0.0233750  0.0165224  0.9766250  0.9834776  0.0000000  0.0000000    -0.0000    -0.0000     0.0000     0.0000  0.0034960  0.1717540     0.0000   180.0000
  0.841237  0.0233721  0.0165205  0.9766279  0.9834795  0.0000000  0.0000000    -0.0000    -0.0000     0.0000     0.0000  0.0034955  0.1717507     0.0000   180.0000
  0.842650  0.0233692  0.0165186  0.9766308  0.9834814  0.0000000  0.0000000    -0.0000    -0.0000     0.0000     0.0000  0.0034950  0.1717475     0.0000   180.0000
  0.844062  0.0233663  0.0165167  0.9766337  0.9834833  0.0000000  0.0000000    -0.0000    -0.0000     0.0000     0.0000  0.0034945  0.1717442     0.0000   180.0000
  0.845475  0.0233635  0.0165147  0.9766365  0.9834853  0.0000000  0.0000000    -0.0000    -0.0000     0.0000     0.0000  0.0034940  0.1717410     0.0000   180.0000
  0.846888  0.0233606  0.0165128  0.9766394  0.9834872  0.0000000  0.0000000    -0.0000    -0.0000     0.0000     0.0000  0.0034935  0.1717377     0.0000   180.0000
  0.848300  0.0233578  0.0165109  0.9766422  0.9834891  0.0000000  0.0000000    -0.0000    -0.0000     0.0000     0.0000  0.0034930  0.1717345     0.0000   180.0000
  0.849712  0.0233549  0.0165090  0.9766451  0.9834910  0.0000000  0.0000000    -0.0000    -0.0000     0.0000     0.0000  0.0034926  0.1717313     0.0000   180.0000
  0.851125  0.0233521  0.0165071  0.9766479  0.9834929  0.0000000  0.0000000    -0.0000    -0.0000     0.0000     0.0000  0.0034921  0.1717281     0.0000   180.0000
  0.852537  0.0233492  0.0165052  0.9766508  0.9834948  0.0000000  0.0000000    -0.0000    -0.0000     0.0000     0.0000  0.0034916  0.1717248     0.0000   180.0000
  0.853950  0.0233464  0.0165033  0.9766536  0.9834967  0.0000000  0.0000000    -0.0000    -0.0000     0.0000     0.0000  0.0034911  0.1717216     0.0000   180.0000
  0.855363  0.0233436  0.0165015  0.9766564  0.9834985  0.0000000  0.0000000    -0.0000    -0.0000     0.0000     0.0000  0.0034906  0.1717184     0.0000   180.0000
  0.856775  0.0233408  0.0164996  0.9766592  0.9835004  0.0000000  0.0000000    -0.0000    -0.0000     0.0000     0.0000  0.0034901  0.1717152     0.0000   180.0000
  0.858187  0.0233379  0.0164977  0.9766621  0.9835023  0.0000000  0.0000000    -0.0000    -0.0000     0.0000     0.0000  0.0034896  0.1717120     0.0000   180.0000
  0.859600  0.0233351  0.0164958  0.9766649  0.9835042  0.0000000  0.0000000    -0.0000    -0.0000     0.0000     0.0000  0.0034892  0.1717089     0.0000   180.0000
  0.861012  0.0233323  0.0164939  0.9766677  0.9835061  0.0000000  0.0000000    -0.0000    -0.0000     0.0000     0.0000  0.0034887  0.1717057     0.0000   180.0000
  0.862425  0.0233295  0.0164921  0.9766705  0.9835079  0.0000000  0.0000000    -0.0000    -0.0000     0.0000     0.0000  0.0034882  0.1717025     0.0000   180.0000
  0.863838  0.0233267  0.0164902  0.9766733  0.9835098  0.0000000  0.0000000    -0.0000    -0.0000     0.0000     0.0000  0.0034877  0.1716993     0.0000   180.0000
  0.865250  0.0233240  0.0164883  0.9766760  0.9835117  0.0000000  0.0000000    -0.0000    -0.0000     0.0000     0.0000  0.0034872  0.1716962     0.0000   180.0000
  0.866663  0.0233212  0.0164865  0.9766788  0.9835135  0.0000000  0.0000000    -0.0000    -0.0000     0.0000     0.0000  0.0034867  0.1716930     0.0000   180.0000
  0.868075  0.0233184  0.0164846  0.9766816  0.9835154  0.0000000  0.0000000    -0.0000    -0.0000     0.0000     0.0000  0.0034863  0.1716899     0.0000   180.0000
  0.869487  0.0233156  0.0164828  0.9766844  0.9835172  0.0000000  0.0000000    -0.0000    -0.0000     0.0000     0.0000  0.0034858  0.1716867     0.0000   180.0000
  0.870900  0.0233128  0.0164809  0.9766872  0.9835191  0.0000000  0.0000000    -0.0000    -0.0000     0.0000     0.0000  0.0034853  0.1716836     0.0000   180.0000
  0.872313  0.0233101  0.0164791  0.9766899  0.9835209  0.0000000  0.0000000    -0.0000    -0.0000     0.0000     0.0000  0.0034848  0.1716804     0.0000   180.0000
  0.873725  0.0233073  0.0164772  0.9766927  0.9835228  0.0000000  0.0000000    -0.0000    -0.0000     0.0000     0.0000  0.0034844  0.1716773     0.0000   180.0000
  0.875137  0.0233046  0.0164754  0.9766954  0.9835246  0.0000000  0.0000000    -0.0000    -0.0000     0.0000     0.0000  0.0034839  0.1716742     0.0000   180.0000
  0.876550  0.0233018  0.0164735  0.9766982  0.9835265  0.0000000  0.0000000    -0.0000    -0.0000     0.0000     0.0000  0.0034834  0.1716711     0.0000   180.0000
  0.877962  0.0232991  0.0164717  0.9767009  0.9835283  0.0000000  0.0000000    -0.0000    -0.0000     0.0000     0.0000  0.0034829  0.1716680     0.0000   180.0000
  0.879375  0.0232963  0.0164699  0.9767037  0.9835301  0.0000000  0.0000000    -0.0000    -0.0000     0.0000     0.0000  0.0034825  0.1716648     0.0000   180.0000
  0.880788  0.0232936  0.0164680  0.9767064  0.9835320  0.0000000  0.0000000    -0.0000    -0.0000     0.0000     0.0000  0.0034820  0.1716617     0.0000   180.0000
  0.882200  0.0232909  0.0164662  0.9767091  0.9835338  0.0000000  0.0000000    -0.0000    -0.0000     0.0000     0.0000  0.0034815  0.1716586     0.0000   180.0000
  0.883612  0.0232881  0.0164644  0.9767119  0.9835356  0.0000000  0.0000000    -0.0000    -0.0000     0.0000     0.0000  0.0034811  0.1716555     0.0000   180.0000
  0.885025  0.0232854  0.0164626  0.9767146  0.9835374  0.0000000  0.0000000    -0.0000    -0.0000     0.0000     0.0000  0.0034806  0.1716525     0.0000   180.0000
  0.886437  0.0232827  0.0164608  0.9767173  0.9835392  0.0000000  0.0000000    -0.0000    -0.0000     0.0000     0.0000  0.0034801  0.1716494     0.0000   180.0000
  0.887850  0.0232800  0.0164589  0.9767200  0.9835411  0.0000000  0.0000000    -0.0000    -0.0000     0.0000     0.0000  0.0034797  0.1716463     0.0000   180.0000
  0.889262  0.0232773  0.0164571  0.9767227  0.9835429  0.0000000  0.0000000    -0.0000    -0.0000     0.0000     0.0000  0.0034792  0.1716432     0.0000   180.0000
  0.890675  0.0232746  0.0164553  0.9767254  0.9835447  0.0000000  0.0000000    -0.0000    -0.0000     0.0000     0.0000  0.0034787  0.1716401     0.0000   180.0000
  0.892087  0.0232719  0.0164535  0.9767281  0.9835465  0.0000000  0.0000000    -0.0000    -0.0000     0.0000     0.0000  0.0034783  0.1716371     0.0000   180.0000
  0.893500  0.0232692  0.0164517  0.9767308  0.9835483  0.0000000  0.0000000    -0.0000    -0.0000     0.0000     0.0000  0.0034778  0.1716340     0.0000   180.0000
  0.894913  0.0232665  0.0164499  0.9767335  0.9835501  0.0000000  0.0000000    -0.0000    -0.0000     0.0000     0.0000  0.0034773  0.1716310     0.0000   180.0000
  0.896325  0.0232638  0.0164481  0.9767362  0.9835519  0.0000000  0.0000000    -0.0000    -0.0000     0.0000     0.0000  0.0034769  0.1716279     0.0000   180.0000
  0.897737  0.0232611  0.0164463  0.9767389  0.9835537  0.0000000  0.0000000    -0.0000    -0.0000     0.0000     0.0000  0.0034764  0.1716249     0.0000   180.0000
  0.899150  0.0232584  0.0164445  0.9767416  0.9835555  0.0000000  0.0000000    -0.0000    -0.0000     0.0000     0.0000  0.0034759  0.1716218     0.0000   180.0000
  0.900562  0.0232557  0.0164427  0.9767443  0.9835573  0.0000000  0.0000000    -0.0000    -0.0000     0.0000     0.0000  0.0034755  0.1716188     0.0000   180.0000
  0.901975  0.0232531  0.0164410  0.9767469  0.9835590  0.0000000  0.0000000    -0.0000    -0.0000     0.0000     0.0000  0.0034750  0.1716158     0.0000   180.0000
  0.903388  0.0232504  0.0164392  0.9767496  0.9835608  0.0000000  0.0000000    -0.0000    -0.0000     0.0000     0.0000  0.0034746  0.1716127     0.0000   180.0000
  0.904800  0.0232477  0.0164374  0.9767523  0.9835626  0.0000000  0.0000000    -0.0000    -0.0000     0.0000     0.0000  0.0034741  0.1716097     0.0000   180.0000
  0.906212  0.0232451  0.0164356  0.9767549  0.9835644  0.0000000  0.0000000    -0.0000    -0.0000     0.0000     0.0000  0.0034737  0.1716067     0.0000   180.0000
  0.907625  0.0232424  0.0164338  0.9767576  0.9835662  0.0000000  0.0000000    -0.0000    -0.0000     0.0000     0.0000  0.0034732  0.1716037     0.0000   180.0000
  0.909037  0.0232398  0.0164321  0.9767602  0.9835679  0.0000000  0.0000000    -0.0000    -0.0000     0.0000     0.0000  0.0034727  0.1716006     0.0000   180.0000
  0.910450  0.0232371  0.0164303  0.9767629  0.9835697  0.0000000  0.0000000    -0.0000    -0.0000     0.0000     0.0000  0.0034723  0.1715976     0.0000   180.0000
  0.911863  0.0232345  0.0164285  0.9767655  0.9835715  0.0000000  0.0000000    -0.0000    -0.0000     0.0000     0.0000  0.0034718  0.1715946     0.0000   180.0000
  0.913275  0.0232318  0.0164267  0.9767682  0.9835733  0.0000000  0.0000000    -0.0000    -0.0000     0.0000     0.0000  0.0034714  0.1715916     0.0000   180.0000
  0.914687  0.0232292  0.0164250  0.9767708  0.9835750  0.0000000  0.0000000    -0.0000    -0.0000     0.0000     0.0000  0.0034709  0.1715886     0.0000   180.0000
  0.916100  0.0232266  0.0164232  0.9767734  0.9835768  0.0000000  0.0000000    -0.0000    -0.0000     0.0000     0.0000  0.0034705  0.1715856     0.0000   180.0000
  0.917512  0.0232239  0.0164215  0.9767761  0.9835785  0.0000000  0.0000000    -0.0000    -0.0000     0.0000     0.0000  0.0034700  0.1715827     0.0000   180.0000
  0.918925  0.0232213  0.0164197  0.9767787  0.9835803  0.0000000  0.0000000    -0.0000    -0.0000     0.0000     0.0000  0.0034696  0.1715797     0.0000   180.0000
  0.920337  0.0232187  0.0164180  0.9767813  0.9835820  0.0000000  0.0000000    -0.0000    -0.0000     0.0000     0.0000  0.0034691  0.1715767     0.0000   180.0000
  0.921750  0.0232161  0.0164162  0.9767839  0.9835838  0.0000000  0.0000000    -0.0000    -0.0000     0.0000     0.0000  0.0034687  0.1715737     0.0000   180.0000
  0.923163  0.0232134  0.0164144  0.9767866  0.9835856  0.0000000  0.0000000    -0.0000    -0.0000     0.0000     0.0000  0.0034682  0.1715707     0.0000   180.0000
  0.924575  0.0232108  0.0164127  0.9767892  0.9835873  0.0000000  0.0000000    -0.0000    -0.0000     0.0000     0.0000  0.0034678  0.1715678     0.0000   180.0000
  0.925987  0.0232082  0.0164110  0.9767918  0.9835890  0.0000000  0.0000000    -0.0000    -0.0000     0.0000     0.0000  0.0034673  0.1715648     0.0000   180.0000
  0.927400  0.0232056  0.0164092  0.9767944  0.9835908  0.0000000  0.0000000    -0.0000    -0.0000     0.0000     0.0000  0.0034669  0.1715619     0.0000   180.0000
  0.928812  0.0232030  0.0164075  0.9767970  0.9835925  0.0000000  0.0000000    -0.0000    -0.0000     0.0000     0.0000  0.0034664  0.1715589     0.0000   180.0000
  0.930225  0.0232004  0.0164057  0.9767996  0.9835943  0.0000000  0.0000000    -0.0000    -0.0000     0.0000     0.0000  0.0034660  0.1715559     0.0000   180.0000
  0.931638  0.0231978  0.0164040  0.9768022  0.9835960  0.0000000  0.0000000    -0.0000    -0.0000     0.0000     0.0000  0.0034655  0.1715530     0.0000   180.0000
  0.933050  0.0231952  0.0164023  0.9768048  0.9835977  0.0000000  0.0000000    -0.0000    -0.0000     0.0000     0.0000  0.0034651  0.1715500     0.0000   180.0000
  0.934462  0.0231926  0.0164005  0.9768074  0.9835995  0.0000000  0.0000000    -0.0000    -0.0000     0.0000     0.0000  0.0034646  0.1715471     0.0000   180.0000
  0.935875  0.0231900  0.0163988  0.9768100  0.9836012  0.0000000  0.0000000    -0.0000    -0.0000     0.0000     0.0000  0.0034642  0.1715442     0.0000   180.0000
  0.937287  0.0231874  0.0163971  0.9768126  0.9836029  0.0000000  0.0000000    -0.0000    -0.0000     0.0000     0.0000  0.0034637  0.1715412     0.0000   180.0000
  0.938700  0.0231849  0.0163953  0.9768151  0.9836047  0.0000000  0.0000000    -0.0000    -0.0000     0.0000     0.0000  0.0034633  0.1715383     0.0000   180.0000
  0.940113  0.0231823  0.0163936  0.9768177  0.9836064  0.0000000  0.0000000    -0.0000    -0.0000     0.0000     0.0000  0.0034629  0.1715354     0.0000   180.0000
  0.941525  0.0231797  0.0163919  0.9768203  0.9836081  0.0000000  0.0000000    -0.0000    -0.0000     0.0000     0.0000  0.0034624  0.1715324     0.0000   180.0000
  0.942937  0.0231771  0.0163902  0.9768229  0.9836098  0.0000000  0.0000000    -0.0000    -0.0000     0.0000     0.0000  0.0034620  0.1715295     0.0000   180.0000
  0.944350  0.0231746  0.0163885  0.9768254  0.9836115  0.0000000  0.0000000    -0.0000    -0.0000     0.0000     0.0000  0.0034615  0.1715266     0.0000   180.0000
  0.945762  0.0231720  0.0163867  0.9768280  0.9836133  0.0000000  0.0000000    -0.0000    -0.0000     0.0000     0.0000  0.0034611  0.1715237     0.0000   180.0000
  0.947175  0.0231694  0.0163850  0.9768306  0.9836150  0.0000000  0.0000000    -0.0000    -0.0000     0.0000     0.0000  0.0034606  0.1715208     0.0000   180.0000
  0.948588  0.0231669  0.0163833  0.9768331  0.9836167  0.0000000  0.0000000    -0.0000    -0.0000     0.0000     0.0000  0.0034602  0.1715179     0.0000   180.0000
  0.950000  0.0231643  0.0163816  0.9768357  0.9836184  0.0000000  0.0000000    -0.0000    -0.0000     0.0000     0.0000  0.0034598  0.1715149     0.0000   180.0000
