Reflection, Transmission, Absorption, Diattenuation, and Phase vs. Wavelength

Reference wavelength for coating thickness: 0.3850 µm.
Phase and Retardance values are in degrees.

There is no coating on Surface 3.

Incident media: Air
Substrate     : SEAWATER
Angle of Incidence: 14.1514

Wavelength  S-Reflect  P-Reflect S-Transmit P-Transmit   S-Absorb   P-Absorb  S-Phase-T  P-Phase-T  S-Phase-R  P-Phase-R    Diatt-T    Diatt-R   Retard-T   Retard-R
  0.385000  0.0244418  0.0203003  0.9755582  0.9796997  0.0000000  0.0000000    -0.0000    -0.0000   180.0000   180.0000  0.0021182  0.0925653     0.0000   180.0000
  0.386412  0.0244231  0.0202842  0.9755769  0.9797158  0.0000000  0.0000000    -0.0000    -0.0000   180.0000   180.0000  0.0021167  0.0925767     0.0000   180.0000
  0.387825  0.0244046  0.0202684  0.9755954  0.9797316  0.0000000  0.0000000    -0.0000    -0.0000   180.0000   180.0000  0.0021153  0.0925879     0.0000   180.0000
  0.389238  0.0243864  0.0202529  0.9756136  0.9797471  0.0000000  0.0000000    -0.0000    -0.0000   180.0000   180.0000  0.0021140  0.0925989     0.0000   180.0000
  0.390650  0.0243685  0.0202375  0.9756315  0.9797625  0.0000000  0.0000000    -0.0000    -0.0000   180.0000   180.0000  0.0021126  0.0926097     0.0000   180.0000
  0.392062  0.0243508  0.0202224  0.9756492  0.9797776  0.0000000  0.0000000    -0.0000    -0.0000   180.0000   180.0000  0.0021112  0.0926205     0.0000   180.0000
  0.393475  0.0243333  0.0202075  0.9756667  0.9797925  0.0000000  0.0000000    -0.0000    -0.0000   180.0000   180.0000  0.0021099  0.0926310     0.0000   180.0000
  0.394888  0.0243161  0.0201927  0.9756839  0.9798073  0.0000000  0.0000000    -0.0000    -0.0000   180.0000   180.0000  0.0021086  0.0926414     0.0000   180.0000
  0.396300  0.0242991  0.0201782  0.9757009  0.9798218  0.0000000  0.0000000    -0.0000    -0.0000   180.0000   180.0000  0.0021073  0.0926517     0.0000   180.0000
  0.397713  0.0242824  0.0201639  0.9757176  0.9798361  0.0000000  0.0000000    -0.0000    -0.0000   180.0000   180.0000  0.0021060  0.0926619     0.0000   180.0000
  0.399125  0.0242659  0.0201498  0.9757341  0.9798502  0.0000000  0.0000000    -0.0000    -0.0000   180.0000   180.0000  0.0021048  0.0926719     0.0000   180.0000
  0.400537  0.0242496  0.0201359  0.9757504  0.9798641  0.0000000  0.0000000    -0.0000    -0.0000   180.0000   180.0000  0.0021035  0.0926818     0.0000   180.0000
  0.401950  0.0242335  0.0201221  0.9757665  0.9798779  0.0000000  0.0000000    -0.0000    -0.0000   180.0000   180.0000  0.0021023  0.0926916     0.0000   180.0000
  0.403363  0.0242177  0.0201086  0.9757823  0.9798914  0.0000000  0.0000000    -0.0000    -0.0000   180.0000   180.0000  0.0021011  0.0927012     0.0000   180.0000
  0.404775  0.0242020  0.0200952  0.9757980  0.9799048  0.0000000  0.0000000    -0.0000    -0.0000   180.0000   180.0000  0.0020999  0.0927107     0.0000   180.0000
  0.406188  0.0241865  0.0200820  0.9758135  0.9799180  0.0000000  0.0000000    -0.0000    -0.0000   180.0000   180.0000  0.0020987  0.0927201     0.0000   180.0000
  0.407600  0.0241713  0.0200689  0.9758287  0.9799311  0.0000000  0.0000000    -0.0000    -0.0000   180.0000   180.0000  0.0020976  0.0927294     0.0000   180.0000
  0.409013  0.0241562  0.0200560  0.9758438  0.9799440  0.0000000  0.0000000    -0.0000    -0.0000   180.0000   180.0000  0.0020964  0.0927386     0.0000   180.0000
  0.410425  0.0241413  0.0200433  0.9758587  0.9799567  0.0000000  0.0000000    -0.0000    -0.0000   180.0000   180.0000  0.0020953  0.0927477     0.0000   180.0000
  0.411838  0.0241266  0.0200307  0.9758734  0.9799693  0.0000000  0.0000000    -0.0000    -0.0000   180.0000   180.0000  0.0020942  0.0927566     0.0000   180.0000
  0.413250  0.0241121  0.0200183  0.9758879  0.9799817  0.0000000  0.0000000    -0.0000    -0.0000   180.0000   180.0000  0.0020931  0.0927655     0.0000   180.0000
  0.414662  0.0240977  0.0200060  0.9759023  0.9799940  0.0000000  0.0000000    -0.0000    -0.0000   180.0000   180.0000  0.0020920  0.0927742     0.0000   180.0000
  0.416075  0.0240835  0.0199939  0.9759165  0.9800061  0.0000000  0.0000000    -0.0000    -0.0000   180.0000   180.0000  0.0020909  0.0927829     0.0000   180.0000
  0.417488  0.0240695  0.0199819  0.9759305  0.9800181  0.0000000  0.0000000    -0.0000    -0.0000   180.0000   180.0000  0.0020898  0.0927914     0.0000   180.0000
  0.418900  0.0240557  0.0199701  0.9759443  0.9800299  0.0000000  0.0000000    -0.0000    -0.0000   180.0000   180.0000  0.0020888  0.0927999     0.0000   180.0000
  0.420312  0.0240420  0.0199584  0.9759580  0.9800416  0.0000000  0.0000000    -0.0000    -0.0000   180.0000   180.0000  0.0020877  0.0928082     0.0000   180.0000
  0.421725  0.0240285  0.0199468  0.9759715  0.9800532  0.0000000  0.0000000    -0.0000    -0.0000   180.0000   180.0000  0.0020867  0.0928165     0.0000   180.0000
  0.423138  0.0240151  0.0199354  0.9759849  0.9800646  0.0000000  0.0000000    -0.0000    -0.0000   180.0000   180.0000  0.0020857  0.0928247     0.0000   180.0000
  0.424550  0.0240019  0.0199241  0.9759981  0.9800759  0.0000000  0.0000000    -0.0000    -0.0000   180.0000   180.0000  0.0020847  0.0928328     0.0000   180.0000
  0.425963  0.0239888  0.0199129  0.9760112  0.9800871  0.0000000  0.0000000    -0.0000    -0.0000   180.0000   180.0000  0.0020837  0.0928407     0.0000   180.0000
  0.427375  0.0239759  0.0199019  0.9760241  0.9800981  0.0000000  0.0000000    -0.0000    -0.0000   180.0000   180.0000  0.0020827  0.0928486     0.0000   180.0000
  0.428787  0.0239631  0.0198910  0.9760369  0.9801090  0.0000000  0.0000000    -0.0000    -0.0000   180.0000   180.0000  0.0020817  0.0928565     0.0000   180.0000
  0.430200  0.0239505  0.0198802  0.9760495  0.9801198  0.0000000  0.0000000    -0.0000    -0.0000   180.0000   180.0000  0.0020807  0.0928642     0.0000   180.0000
  0.431613  0.0239380  0.0198695  0.9760620  0.9801305  0.0000000  0.0000000    -0.0000    -0.0000   180.0000   180.0000  0.0020798  0.0928718     0.0000   180.0000
  0.433025  0.0239256  0.0198589  0.9760744  0.9801411  0.0000000  0.0000000    -0.0000    -0.0000   180.0000   180.0000  0.0020789  0.0928794     0.0000   180.0000
  0.434438  0.0239134  0.0198485  0.9760866  0.9801515  0.0000000  0.0000000    -0.0000    -0.0000   180.0000   180.0000  0.0020779  0.0928869     0.0000   180.0000
  0.435850  0.0239013  0.0198381  0.9760987  0.9801619  0.0000000  0.0000000    -0.0000    -0.0000   180.0000   180.0000  0.0020770  0.0928943     0.0000   180.0000
  0.437263  0.0238893  0.0198279  0.9761107  0.9801721  0.0000000  0.0000000    -0.0000    -0.0000   180.0000   180.0000  0.0020761  0.0929017     0.0000   180.0000
  0.438675  0.0238775  0.0198178  0.9761225  0.9801822  0.0000000  0.0000000    -0.0000    -0.0000   180.0000   180.0000  0.0020752  0.0929089     0.0000   180.0000
  0.440088  0.0238658  0.0198078  0.9761342  0.9801922  0.0000000  0.0000000    -0.0000    -0.0000   180.0000   180.0000  0.0020743  0.0929161     0.0000   180.0000
  0.441500  0.0238542  0.0197979  0.9761458  0.9802021  0.0000000  0.0000000    -0.0000    -0.0000   180.0000   180.0000  0.0020734  0.0929232     0.0000   180.0000
  0.442912  0.0238427  0.0197881  0.9761573  0.9802119  0.0000000  0.0000000    -0.0000    -0.0000   180.0000   180.0000  0.0020725  0.0929303     0.0000   180.0000
  0.444325  0.0238314  0.0197784  0.9761686  0.9802216  0.0000000  0.0000000    -0.0000    -0.0000   180.0000   180.0000  0.0020717  0.0929372     0.0000   180.0000
  0.445738  0.0238201  0.0197688  0.9761799  0.9802312  0.0000000  0.0000000    -0.0000    -0.0000   180.0000   180.0000  0.0020708  0.0929441     0.0000   180.0000
  0.447150  0.0238090  0.0197593  0.9761910  0.9802407  0.0000000  0.0000000    -0.0000    -0.0000   180.0000   180.0000  0.0020699  0.0929510     0.0000   180.0000
  0.448562  0.0237980  0.0197499  0.9762020  0.9802501  0.0000000  0.0000000    -0.0000    -0.0000   180.0000   180.0000  0.0020691  0.0929577     0.0000   180.0000
  0.449975  0.0237871  0.0197406  0.9762129  0.9802594  0.0000000  0.0000000    -0.0000    -0.0000   180.0000   180.0000  0.0020683  0.0929644     0.0000   180.0000
  0.451388  0.0237763  0.0197314  0.9762237  0.9802686  0.0000000  0.0000000    -0.0000    -0.0000   180.0000   180.0000  0.0020675  0.0929710     0.0000   180.0000
  0.452800  0.0237656  0.0197222  0.9762344  0.9802778  0.0000000  0.0000000    -0.0000    -0.0000   180.0000   180.0000  0.0020666  0.0929776     0.0000   180.0000
  0.454213  0.0237551  0.0197132  0.9762449  0.9802868  0.0000000  0.0000000    -0.0000    -0.0000   180.0000   180.0000  0.0020658  0.0929841     0.0000   180.0000
  0.455625  0.0237446  0.0197043  0.9762554  0.9802957  0.0000000  0.0000000    -0.0000    -0.0000   180.0000   180.0000  0.0020650  0.0929906     0.0000   180.0000
  0.457037  0.0237342  0.0196954  0.9762658  0.9803046  0.0000000  0.0000000    -0.0000    -0.0000   180.0000   180.0000  0.0020642  0.0929969     0.0000   180.0000
  0.458450  0.0237240  0.0196866  0.9762760  0.9803134  0.0000000  0.0000000    -0.0000    -0.0000   180.0000   180.0000  0.0020635  0.0930033     0.0000   180.0000
  0.459863  0.0237138  0.0196780  0.9762862  0.9803220  0.0000000  0.0000000    -0.0000    -0.0000   180.0000   180.0000  0.0020627  0.0930095     0.0000   180.0000
  0.461275  0.0237038  0.0196694  0.9762962  0.9803306  0.0000000  0.0000000    -0.0000    -0.0000   180.0000   180.0000  0.0020619  0.0930157     0.0000   180.0000
  0.462688  0.0236938  0.0196609  0.9763062  0.9803391  0.0000000  0.0000000    -0.0000    -0.0000   180.0000   180.0000  0.0020611  0.0930219     0.0000   180.0000
  0.464100  0.0236839  0.0196524  0.9763161  0.9803476  0.0000000  0.0000000    -0.0000    -0.0000   180.0000   180.0000  0.0020604  0.0930279     0.0000   180.0000
  0.465513  0.0236741  0.0196441  0.9763259  0.9803559  0.0000000  0.0000000    -0.0000    -0.0000   180.0000   180.0000  0.0020596  0.0930340     0.0000   180.0000
  0.466925  0.0236645  0.0196358  0.9763355  0.9803642  0.0000000  0.0000000    -0.0000    -0.0000   180.0000   180.0000  0.0020589  0.0930399     0.0000   180.0000
  0.468338  0.0236549  0.0196276  0.9763451  0.9803724  0.0000000  0.0000000    -0.0000    -0.0000   180.0000   180.0000  0.0020582  0.0930459     0.0000   180.0000
  0.469750  0.0236454  0.0196195  0.9763546  0.9803805  0.0000000  0.0000000    -0.0000    -0.0000   180.0000   180.0000  0.0020574  0.0930517     0.0000   180.0000
  0.471162  0.0236360  0.0196115  0.9763640  0.9803885  0.0000000  0.0000000    -0.0000    -0.0000   180.0000   180.0000  0.0020567  0.0930575     0.0000   180.0000
  0.472575  0.0236266  0.0196035  0.9763734  0.9803965  0.0000000  0.0000000    -0.0000    -0.0000   180.0000   180.0000  0.0020560  0.0930633     0.0000   180.0000
  0.473988  0.0236174  0.0195956  0.9763826  0.9804044  0.0000000  0.0000000    -0.0000    -0.0000   180.0000   180.0000  0.0020553  0.0930690     0.0000   180.0000
  0.475400  0.0236082  0.0195878  0.9763918  0.9804122  0.0000000  0.0000000    -0.0000    -0.0000   180.0000   180.0000  0.0020546  0.0930746     0.0000   180.0000
  0.476812  0.0235992  0.0195800  0.9764008  0.9804200  0.0000000  0.0000000    -0.0000    -0.0000   180.0000   180.0000  0.0020539  0.0930802     0.0000   180.0000
  0.478225  0.0235902  0.0195724  0.9764098  0.9804276  0.0000000  0.0000000    -0.0000    -0.0000   180.0000   180.0000  0.0020532  0.0930858     0.0000   180.0000
  0.479637  0.0235813  0.0195648  0.9764187  0.9804352  0.0000000  0.0000000    -0.0000    -0.0000   180.0000   180.0000  0.0020525  0.0930913     0.0000   180.0000
  0.481050  0.0235724  0.0195572  0.9764276  0.9804428  0.0000000  0.0000000    -0.0000    -0.0000   180.0000   180.0000  0.0020519  0.0930968     0.0000   180.0000
  0.482463  0.0235637  0.0195497  0.9764363  0.9804503  0.0000000  0.0000000    -0.0000    -0.0000   180.0000   180.0000  0.0020512  0.0931022     0.0000   180.0000
  0.483875  0.0235550  0.0195423  0.9764450  0.9804577  0.0000000  0.0000000    -0.0000    -0.0000   180.0000   180.0000  0.0020505  0.0931075     0.0000   180.0000
  0.485287  0.0235464  0.0195350  0.9764536  0.9804650  0.0000000  0.0000000    -0.0000    -0.0000   180.0000   180.0000  0.0020499  0.0931128     0.0000   180.0000
  0.486700  0.0235379  0.0195277  0.9764621  0.9804723  0.0000000  0.0000000    -0.0000    -0.0000   180.0000   180.0000  0.0020492  0.0931181     0.0000   180.0000
  0.488113  0.0235295  0.0195205  0.9764705  0.9804795  0.0000000  0.0000000    -0.0000    -0.0000   180.0000   180.0000  0.0020486  0.0931233     0.0000   180.0000
  0.489525  0.0235211  0.0195134  0.9764789  0.9804866  0.0000000  0.0000000    -0.0000    -0.0000   180.0000   180.0000  0.0020479  0.0931285     0.0000   180.0000
  0.490938  0.0235128  0.0195063  0.9764872  0.9804937  0.0000000  0.0000000    -0.0000    -0.0000   180.0000   180.0000  0.0020473  0.0931336     0.0000   180.0000
  0.492350  0.0235046  0.0194993  0.9764954  0.9805007  0.0000000  0.0000000    -0.0000    -0.0000   180.0000   180.0000  0.0020467  0.0931387     0.0000   180.0000
  0.493762  0.0234965  0.0194923  0.9765035  0.9805077  0.0000000  0.0000000    -0.0000    -0.0000   180.0000   180.0000  0.0020460  0.0931438     0.0000   180.0000
  0.495175  0.0234884  0.0194854  0.9765116  0.9805146  0.0000000  0.0000000    -0.0000    -0.0000   180.0000   180.0000  0.0020454  0.0931488     0.0000   180.0000
  0.496588  0.0234804  0.0194786  0.9765196  0.9805214  0.0000000  0.0000000    -0.0000    -0.0000   180.0000   180.0000  0.0020448  0.0931537     0.0000   180.0000
  0.498000  0.0234725  0.0194718  0.9765275  0.9805282  0.0000000  0.0000000    -0.0000    -0.0000   180.0000   180.0000  0.0020442  0.0931587     0.0000   180.0000
  0.499412  0.0234646  0.0194651  0.9765354  0.9805349  0.0000000  0.0000000    -0.0000    -0.0000   180.0000   180.0000  0.0020436  0.0931635     0.0000   180.0000
  0.500825  0.0234568  0.0194584  0.9765432  0.9805416  0.0000000  0.0000000    -0.0000    -0.0000   180.0000   180.0000  0.0020430  0.0931684     0.0000   180.0000
  0.502238  0.0234490  0.0194518  0.9765510  0.9805482  0.0000000  0.0000000    -0.0000    -0.0000   180.0000   180.0000  0.0020424  0.0931732     0.0000   180.0000
  0.503650  0.0234414  0.0194453  0.9765586  0.9805547  0.0000000  0.0000000    -0.0000    -0.0000   180.0000   180.0000  0.0020418  0.0931779     0.0000   180.0000
  0.505062  0.0234338  0.0194388  0.9765662  0.9805612  0.0000000  0.0000000    -0.0000    -0.0000   180.0000   180.0000  0.0020412  0.0931827     0.0000   180.0000
  0.506475  0.0234262  0.0194323  0.9765738  0.9805677  0.0000000  0.0000000    -0.0000    -0.0000   180.0000   180.0000  0.0020407  0.0931873     0.0000   180.0000
  0.507888  0.0234187  0.0194259  0.9765813  0.9805741  0.0000000  0.0000000    -0.0000    -0.0000   180.0000   180.0000  0.0020401  0.0931920     0.0000   180.0000
  0.509300  0.0234113  0.0194196  0.9765887  0.9805804  0.0000000  0.0000000    -0.0000    -0.0000   180.0000   180.0000  0.0020395  0.0931966     0.0000   180.0000
  0.510713  0.0234040  0.0194133  0.9765960  0.9805867  0.0000000  0.0000000    -0.0000    -0.0000   180.0000   180.0000  0.0020390  0.0932012     0.0000   180.0000
  0.512125  0.0233967  0.0194071  0.9766033  0.9805929  0.0000000  0.0000000    -0.0000    -0.0000   180.0000   180.0000  0.0020384  0.0932057     0.0000   180.0000
  0.513537  0.0233894  0.0194009  0.9766106  0.9805991  0.0000000  0.0000000    -0.0000    -0.0000   180.0000   180.0000  0.0020378  0.0932102     0.0000   180.0000
  0.514950  0.0233822  0.0193948  0.9766178  0.9806052  0.0000000  0.0000000    -0.0000    -0.0000   180.0000   180.0000  0.0020373  0.0932147     0.0000   180.0000
  0.516363  0.0233751  0.0193887  0.9766249  0.9806113  0.0000000  0.0000000    -0.0000    -0.0000   180.0000   180.0000  0.0020368  0.0932191     0.0000   180.0000
  0.517775  0.0233680  0.0193827  0.9766320  0.9806173  0.0000000  0.0000000    -0.0000    -0.0000   180.0000   180.0000  0.0020362  0.0932235     0.0000   180.0000
  0.519188  0.0233610  0.0193767  0.9766390  0.9806233  0.0000000  0.0000000    -0.0000    -0.0000   180.0000   180.0000  0.0020357  0.0932278     0.0000   180.0000
  0.520600  0.0233541  0.0193708  0.9766459  0.9806292  0.0000000  0.0000000    -0.0000    -0.0000   180.0000   180.0000  0.0020351  0.0932322     0.0000   180.0000
  0.522012  0.0233472  0.0193649  0.9766528  0.9806351  0.0000000  0.0000000    -0.0000    -0.0000   180.0000   180.0000  0.0020346  0.0932365     0.0000   180.0000
  0.523425  0.0233403  0.0193590  0.9766597  0.9806410  0.0000000  0.0000000    -0.0000    -0.0000   180.0000   180.0000  0.0020341  0.0932407     0.0000   180.0000
  0.524838  0.0233335  0.0193532  0.9766665  0.9806468  0.0000000  0.0000000    -0.0000    -0.0000   180.0000   180.0000  0.0020336  0.0932449     0.0000   180.0000
  0.526250  0.0233268  0.0193475  0.9766732  0.9806525  0.0000000  0.0000000    -0.0000    -0.0000   180.0000   180.0000  0.0020330  0.0932491     0.0000   180.0000
  0.527663  0.0233201  0.0193418  0.9766799  0.9806582  0.0000000  0.0000000    -0.0000    -0.0000   180.0000   180.0000  0.0020325  0.0932533     0.0000   180.0000
  0.529075  0.0233135  0.0193361  0.9766865  0.9806639  0.0000000  0.0000000    -0.0000    -0.0000   180.0000   180.0000  0.0020320  0.0932574     0.0000   180.0000
  0.530488  0.0233069  0.0193305  0.9766931  0.9806695  0.0000000  0.0000000    -0.0000    -0.0000   180.0000   180.0000  0.0020315  0.0932615     0.0000   180.0000
  0.531900  0.0233004  0.0193249  0.9766996  0.9806751  0.0000000  0.0000000    -0.0000    -0.0000   180.0000   180.0000  0.0020310  0.0932656     0.0000   180.0000
  0.533312  0.0232939  0.0193194  0.9767061  0.9806806  0.0000000  0.0000000    -0.0000    -0.0000   180.0000   180.0000  0.0020305  0.0932696     0.0000   180.0000
  0.534725  0.0232875  0.0193139  0.9767125  0.9806861  0.0000000  0.0000000    -0.0000    -0.0000   180.0000   180.0000  0.0020300  0.0932736     0.0000   180.0000
  0.536137  0.0232811  0.0193084  0.9767189  0.9806916  0.0000000  0.0000000    -0.0000    -0.0000   180.0000   180.0000  0.0020295  0.0932776     0.0000   180.0000
  0.537550  0.0232748  0.0193030  0.9767252  0.9806970  0.0000000  0.0000000    -0.0000    -0.0000   180.0000   180.0000  0.0020291  0.0932816     0.0000   180.0000
  0.538963  0.0232685  0.0192977  0.9767315  0.9807023  0.0000000  0.0000000    -0.0000    -0.0000   180.0000   180.0000  0.0020286  0.0932855     0.0000   180.0000
  0.540375  0.0232622  0.0192923  0.9767378  0.9807077  0.0000000  0.0000000    -0.0000    -0.0000   180.0000   180.0000  0.0020281  0.0932894     0.0000   180.0000
  0.541787  0.0232560  0.0192871  0.9767440  0.9807129  0.0000000  0.0000000    -0.0000    -0.0000   180.0000   180.0000  0.0020276  0.0932932     0.0000   180.0000
  0.543200  0.0232499  0.0192818  0.9767501  0.9807182  0.0000000  0.0000000    -0.0000    -0.0000   180.0000   180.0000  0.0020272  0.0932971     0.0000   180.0000
  0.544612  0.0232438  0.0192766  0.9767562  0.9807234  0.0000000  0.0000000    -0.0000    -0.0000   180.0000   180.0000  0.0020267  0.0933009     0.0000   180.0000
  0.546025  0.0232377  0.0192714  0.9767623  0.9807286  0.0000000  0.0000000    -0.0000    -0.0000   180.0000   180.0000  0.0020262  0.0933046     0.0000   180.0000
  0.547438  0.0232317  0.0192663  0.9767683  0.9807337  0.0000000  0.0000000    -0.0000    -0.0000   180.0000   180.0000  0.0020258  0.0933084     0.0000   180.0000
  0.548850  0.0232258  0.0192612  0.9767742  0.9807388  0.0000000  0.0000000    -0.0000    -0.0000   180.0000   180.0000  0.0020253  0.0933121     0.0000   180.0000
  0.550262  0.0232198  0.0192562  0.9767802  0.9807438  0.0000000  0.0000000    -0.0000    -0.0000   180.0000   180.0000  0.0020248  0.0933158     0.0000   180.0000
  0.551675  0.0232140  0.0192511  0.9767860  0.9807489  0.0000000  0.0000000    -0.0000    -0.0000   180.0000   180.0000  0.0020244  0.0933195     0.0000   180.0000
  0.553087  0.0232081  0.0192462  0.9767919  0.9807538  0.0000000  0.0000000    -0.0000    -0.0000   180.0000   180.0000  0.0020239  0.0933231     0.0000   180.0000
  0.554500  0.0232023  0.0192412  0.9767977  0.9807588  0.0000000  0.0000000    -0.0000    -0.0000   180.0000   180.0000  0.0020235  0.0933267     0.0000   180.0000
  0.555913  0.0231966  0.0192363  0.9768034  0.9807637  0.0000000  0.0000000    -0.0000    -0.0000   180.0000   180.0000  0.0020231  0.0933303     0.0000   180.0000
  0.557325  0.0231908  0.0192314  0.9768092  0.9807686  0.0000000  0.0000000    -0.0000    -0.0000   180.0000   180.0000  0.0020226  0.0933339     0.0000   180.0000
  0.558738  0.0231852  0.0192266  0.9768148  0.9807734  0.0000000  0.0000000    -0.0000    -0.0000   180.0000   180.0000  0.0020222  0.0933375     0.0000   180.0000
  0.560150  0.0231795  0.0192218  0.9768205  0.9807782  0.0000000  0.0000000    -0.0000    -0.0000   180.0000   180.0000  0.0020218  0.0933410     0.0000   180.0000
  0.561562  0.0231739  0.0192170  0.9768261  0.9807830  0.0000000  0.0000000    -0.0000    -0.0000   180.0000   180.0000  0.0020213  0.0933445     0.0000   180.0000
  0.562975  0.0231684  0.0192122  0.9768316  0.9807878  0.0000000  0.0000000    -0.0000    -0.0000   180.0000   180.0000  0.0020209  0.0933480     0.0000   180.0000
  0.564388  0.0231629  0.0192075  0.9768371  0.9807925  0.0000000  0.0000000    -0.0000    -0.0000   180.0000   180.0000  0.0020205  0.0933514     0.0000   180.0000
  0.565800  0.0231574  0.0192029  0.9768426  0.9807971  0.0000000  0.0000000    -0.0000    -0.0000   180.0000   180.0000  0.0020201  0.0933548     0.0000   180.0000
  0.567213  0.0231519  0.0191982  0.9768481  0.9808018  0.0000000  0.0000000    -0.0000    -0.0000   180.0000   180.0000  0.0020196  0.0933582     0.0000   180.0000
  0.568625  0.0231465  0.0191936  0.9768535  0.9808064  0.0000000  0.0000000    -0.0000    -0.0000   180.0000   180.0000  0.0020192  0.0933616     0.0000   180.0000
  0.570037  0.0231412  0.0191890  0.9768588  0.9808110  0.0000000  0.0000000    -0.0000    -0.0000   180.0000   180.0000  0.0020188  0.0933650     0.0000   180.0000
  0.571450  0.0231358  0.0191845  0.9768642  0.9808155  0.0000000  0.0000000    -0.0000    -0.0000   180.0000   180.0000  0.0020184  0.0933683     0.0000   180.0000
  0.572863  0.0231305  0.0191799  0.9768695  0.9808201  0.0000000  0.0000000    -0.0000    -0.0000   180.0000   180.0000  0.0020180  0.0933716     0.0000   180.0000
  0.574275  0.0231253  0.0191754  0.9768747  0.9808246  0.0000000  0.0000000    -0.0000    -0.0000   180.0000   180.0000  0.0020176  0.0933749     0.0000   180.0000
  0.575688  0.0231200  0.0191710  0.9768800  0.9808290  0.0000000  0.0000000    -0.0000    -0.0000   180.0000   180.0000  0.0020172  0.0933782     0.0000   180.0000
  0.577100  0.0231148  0.0191666  0.9768852  0.9808334  0.0000000  0.0000000    -0.0000    -0.0000   180.0000   180.0000  0.0020168  0.0933814     0.0000   180.0000
  0.578512  0.0231097  0.0191621  0.9768903  0.9808379  0.0000000  0.0000000    -0.0000    -0.0000   180.0000   180.0000  0.0020164  0.0933847     0.0000   180.0000
  0.579925  0.0231046  0.0191578  0.9768954  0.9808422  0.0000000  0.0000000    -0.0000    -0.0000   180.0000   180.0000  0.0020160  0.0933879     0.0000   180.0000
  0.581338  0.0230995  0.0191534  0.9769005  0.9808466  0.0000000  0.0000000    -0.0000    -0.0000   180.0000   180.0000  0.0020156  0.0933911     0.0000   180.0000
  0.582750  0.0230944  0.0191491  0.9769056  0.9808509  0.0000000  0.0000000    -0.0000    -0.0000   180.0000   180.0000  0.0020152  0.0933942     0.0000   180.0000
  0.584163  0.0230894  0.0191448  0.9769106  0.9808552  0.0000000  0.0000000    -0.0000    -0.0000   180.0000   180.0000  0.0020148  0.0933974     0.0000   180.0000
  0.585575  0.0230844  0.0191406  0.9769156  0.9808594  0.0000000  0.0000000    -0.0000    -0.0000   180.0000   180.0000  0.0020144  0.0934005     0.0000   180.0000
  0.586988  0.0230794  0.0191363  0.9769206  0.9808637  0.0000000  0.0000000    -0.0000    -0.0000   180.0000   180.0000  0.0020141  0.0934036     0.0000   180.0000
  0.588400  0.0230745  0.0191321  0.9769255  0.9808679  0.0000000  0.0000000    -0.0000    -0.0000   180.0000   180.0000  0.0020137  0.0934067     0.0000   180.0000
  0.589812  0.0230696  0.0191279  0.9769304  0.9808721  0.0000000  0.0000000    -0.0000    -0.0000   180.0000   180.0000  0.0020133  0.0934098     0.0000   180.0000
  0.591225  0.0230647  0.0191238  0.9769353  0.9808762  0.0000000  0.0000000    -0.0000    -0.0000   180.0000   180.0000  0.0020129  0.0934128     0.0000   180.0000
  0.592637  0.0230599  0.0191197  0.9769401  0.9808803  0.0000000  0.0000000    -0.0000    -0.0000   180.0000   180.0000  0.0020126  0.0934159     0.0000   180.0000
  0.594050  0.0230551  0.0191155  0.9769449  0.9808845  0.0000000  0.0000000    -0.0000    -0.0000   180.0000   180.0000  0.0020122  0.0934189     0.0000   180.0000
  0.595463  0.0230503  0.0191115  0.9769497  0.9808885  0.0000000  0.0000000    -0.0000    -0.0000   180.0000   180.0000  0.0020118  0.0934219     0.0000   180.0000
  0.596875  0.0230456  0.0191074  0.9769544  0.9808926  0.0000000  0.0000000    -0.0000    -0.0000   180.0000   180.0000  0.0020115  0.0934249     0.0000   180.0000
  0.598287  0.0230408  0.0191034  0.9769592  0.9808966  0.0000000  0.0000000    -0.0000    -0.0000   180.0000   180.0000  0.0020111  0.0934278     0.0000   180.0000
  0.599700  0.0230361  0.0190994  0.9769639  0.9809006  0.0000000  0.0000000    -0.0000    -0.0000   180.0000   180.0000  0.0020107  0.0934308     0.0000   180.0000
  0.601112  0.0230315  0.0190954  0.9769685  0.9809046  0.0000000  0.0000000    -0.0000    -0.0000   180.0000   180.0000  0.0020104  0.0934337     0.0000   180.0000
  0.602525  0.0230268  0.0190914  0.9769732  0.9809086  0.0000000  0.0000000    -0.0000    -0.0000   180.0000   180.0000  0.0020100  0.0934366     0.0000   180.0000
  0.603938  0.0230222  0.0190875  0.9769778  0.9809125  0.0000000  0.0000000    -0.0000    -0.0000   180.0000   180.0000  0.0020097  0.0934395     0.0000   180.0000
  0.605350  0.0230176  0.0190836  0.9769824  0.9809164  0.0000000  0.0000000    -0.0000    -0.0000   180.0000   180.0000  0.0020093  0.0934424     0.0000   180.0000
  0.606762  0.0230131  0.0190797  0.9769869  0.9809203  0.0000000  0.0000000    -0.0000    -0.0000   180.0000   180.0000  0.0020090  0.0934452     0.0000   180.0000
  0.608175  0.0230086  0.0190759  0.9769914  0.9809241  0.0000000  0.0000000    -0.0000    -0.0000   180.0000   180.0000  0.0020086  0.0934481     0.0000   180.0000
  0.609587  0.0230041  0.0190720  0.9769959  0.9809280  0.0000000  0.0000000    -0.0000    -0.0000   180.0000   180.0000  0.0020083  0.0934509     0.0000   180.0000
  0.611000  0.0229996  0.0190682  0.9770004  0.9809318  0.0000000  0.0000000    -0.0000    -0.0000   180.0000   180.0000  0.0020079  0.0934537     0.0000   180.0000
  0.612413  0.0229951  0.0190644  0.9770049  0.9809356  0.0000000  0.0000000    -0.0000    -0.0000   180.0000   180.0000  0.0020076  0.0934565     0.0000   180.0000
  0.613825  0.0229907  0.0190606  0.9770093  0.9809394  0.0000000  0.0000000    -0.0000    -0.0000   180.0000   180.0000  0.0020072  0.0934593     0.0000   180.0000
  0.615237  0.0229863  0.0190569  0.9770137  0.9809431  0.0000000  0.0000000    -0.0000    -0.0000   180.0000   180.0000  0.0020069  0.0934620     0.0000   180.0000
  0.616650  0.0229819  0.0190531  0.9770181  0.9809469  0.0000000  0.0000000    -0.0000    -0.0000   180.0000   180.0000  0.0020066  0.0934648     0.0000   180.0000
  0.618062  0.0229776  0.0190494  0.9770224  0.9809506  0.0000000  0.0000000    -0.0000    -0.0000   180.0000   180.0000  0.0020062  0.0934675     0.0000   180.0000
  0.619475  0.0229733  0.0190457  0.9770267  0.9809543  0.0000000  0.0000000    -0.0000    -0.0000   180.0000   180.0000  0.0020059  0.0934702     0.0000   180.0000
  0.620888  0.0229690  0.0190421  0.9770310  0.9809579  0.0000000  0.0000000    -0.0000    -0.0000   180.0000   180.0000  0.0020056  0.0934729     0.0000   180.0000
  0.622300  0.0229647  0.0190384  0.9770353  0.9809616  0.0000000  0.0000000    -0.0000    -0.0000   180.0000   180.0000  0.0020052  0.0934756     0.0000   180.0000
  0.623713  0.0229604  0.0190348  0.9770396  0.9809652  0.0000000  0.0000000    -0.0000    -0.0000   180.0000   180.0000  0.0020049  0.0934783     0.0000   180.0000
  0.625125  0.0229562  0.0190312  0.9770438  0.9809688  0.0000000  0.0000000    -0.0000    -0.0000   180.0000   180.0000  0.0020046  0.0934810     0.0000   180.0000
  0.626537  0.0229520  0.0190276  0.9770480  0.9809724  0.0000000  0.0000000    -0.0000    -0.0000   180.0000   180.0000  0.0020043  0.0934836     0.0000   180.0000
  0.627950  0.0229478  0.0190240  0.9770522  0.9809760  0.0000000  0.0000000    -0.0000    -0.0000   180.0000   180.0000  0.0020039  0.0934862     0.0000   180.0000
  0.629363  0.0229437  0.0190205  0.9770563  0.9809795  0.0000000  0.0000000    -0.0000    -0.0000   180.0000   180.0000  0.0020036  0.0934889     0.0000   180.0000
  0.630775  0.0229395  0.0190169  0.9770605  0.9809831  0.0000000  0.0000000    -0.0000    -0.0000   180.0000   180.0000  0.0020033  0.0934915     0.0000   180.0000
  0.632188  0.0229354  0.0190134  0.9770646  0.9809866  0.0000000  0.0000000    -0.0000    -0.0000   180.0000   180.0000  0.0020030  0.0934941     0.0000   180.0000
  0.633600  0.0229313  0.0190099  0.9770687  0.9809901  0.0000000  0.0000000    -0.0000    -0.0000   180.0000   180.0000  0.0020027  0.0934966     0.0000   180.0000
  0.635012  0.0229272  0.0190065  0.9770728  0.9809935  0.0000000  0.0000000    -0.0000    -0.0000   180.0000   180.0000  0.0020024  0.0934992     0.0000   180.0000
  0.636425  0.0229232  0.0190030  0.9770768  0.9809970  0.0000000  0.0000000    -0.0000    -0.0000   180.0000   180.0000  0.0020021  0.0935017     0.0000   180.0000
  0.637838  0.0229191  0.0189996  0.9770809  0.9810004  0.0000000  0.0000000    -0.0000    -0.0000   180.0000   180.0000  0.0020017  0.0935043     0.0000   180.0000
  0.639250  0.0229151  0.0189961  0.9770849  0.9810039  0.0000000  0.0000000    -0.0000    -0.0000   180.0000   180.0000  0.0020014  0.0935068     0.0000   180.0000
  0.640662  0.0229111  0.0189927  0.9770889  0.9810073  0.0000000  0.0000000    -0.0000    -0.0000   180.0000   180.0000  0.0020011  0.0935093     0.0000   180.0000
  0.642075  0.0229072  0.0189893  0.9770928  0.9810107  0.0000000  0.0000000    -0.0000    -0.0000   180.0000   180.0000  0.0020008  0.0935118     0.0000   180.0000
  0.643487  0.0229032  0.0189860  0.9770968  0.9810140  0.0000000  0.0000000    -0.0000    -0.0000   180.0000   180.0000  0.0020005  0.0935143     0.0000   180.0000
  0.644900  0.0228993  0.0189826  0.9771007  0.9810174  0.0000000  0.0000000    -0.0000    -0.0000   180.0000   180.0000  0.0020002  0.0935168     0.0000   180.0000
  0.646313  0.0228954  0.0189793  0.9771046  0.9810207  0.0000000  0.0000000    -0.0000    -0.0000   180.0000   180.0000  0.0019999  0.0935192     0.0000   180.0000
  0.647725  0.0228915  0.0189760  0.9771085  0.9810240  0.0000000  0.0000000    -0.0000    -0.0000   180.0000   180.0000  0.0019996  0.0935217     0.0000   180.0000
  0.649137  0.0228876  0.0189727  0.9771124  0.9810273  0.0000000  0.0000000    -0.0000    -0.0000   180.0000   180.0000  0.0019993  0.0935241     0.0000   180.0000
  0.650550  0.0228838  0.0189694  0.9771162  0.9810306  0.0000000  0.0000000    -0.0000    -0.0000   180.0000   180.0000  0.0019990  0.0935266     0.0000   180.0000
  0.651963  0.0228799  0.0189661  0.9771201  0.9810339  0.0000000  0.0000000    -0.0000    -0.0000   180.0000   180.0000  0.0019987  0.0935290     0.0000   180.0000
  0.653375  0.0228761  0.0189628  0.9771239  0.9810372  0.0000000  0.0000000    -0.0000    -0.0000   180.0000   180.0000  0.0019984  0.0935314     0.0000   180.0000
  0.654787  0.0228723  0.0189596  0.9771277  0.9810404  0.0000000  0.0000000    -0.0000    -0.0000   180.0000   180.0000  0.0019981  0.0935338     0.0000   180.0000
  0.656200  0.0228685  0.0189564  0.9771315  0.9810436  0.0000000  0.0000000    -0.0000    -0.0000   180.0000   180.0000  0.0019978  0.0935362     0.0000   180.0000
  0.657612  0.0228648  0.0189532  0.9771352  0.9810468  0.0000000  0.0000000    -0.0000    -0.0000   180.0000   180.0000  0.0019976  0.0935385     0.0000   180.0000
  0.659025  0.0228610  0.0189500  0.9771390  0.9810500  0.0000000  0.0000000    -0.0000    -0.0000   180.0000   180.0000  0.0019973  0.0935409     0.0000   180.0000
  0.660438  0.0228573  0.0189468  0.9771427  0.9810532  0.0000000  0.0000000    -0.0000    -0.0000   180.0000   180.0000  0.0019970  0.0935432     0.0000   180.0000
  0.661850  0.0228536  0.0189436  0.9771464  0.9810564  0.0000000  0.0000000    -0.0000    -0.0000   180.0000   180.0000  0.0019967  0.0935456     0.0000   180.0000
  0.663262  0.0228499  0.0189405  0.9771501  0.9810595  0.0000000  0.0000000    -0.0000    -0.0000   180.0000   180.0000  0.0019964  0.0935479     0.0000   180.0000
  0.664675  0.0228462  0.0189373  0.9771538  0.9810627  0.0000000  0.0000000    -0.0000    -0.0000   180.0000   180.0000  0.0019961  0.0935502     0.0000   180.0000
  0.666087  0.0228425  0.0189342  0.9771575  0.9810658  0.0000000  0.0000000    -0.0000    -0.0000   180.0000   180.0000  0.0019959  0.0935525     0.0000   180.0000
  0.667500  0.0228389  0.0189311  0.9771611  0.9810689  0.0000000  0.0000000    -0.0000    -0.0000   180.0000   180.0000  0.0019956  0.0935548     0.0000   180.0000
  0.668913  0.0228353  0.0189280  0.9771647  0.9810720  0.0000000  0.0000000    -0.0000    -0.0000   180.0000   180.0000  0.0019953  0.0935571     0.0000   180.0000
  0.670325  0.0228316  0.0189249  0.9771684  0.9810751  0.0000000  0.0000000    -0.0000    -0.0000   180.0000   180.0000  0.0019950  0.0935594     0.0000   180.0000
  0.671737  0.0228281  0.0189219  0.9771719  0.9810781  0.0000000  0.0000000    -0.0000    -0.0000   180.0000   180.0000  0.0019947  0.0935617     0.0000   180.0000
  0.673150  0.0228245  0.0189188  0.9771755  0.9810812  0.0000000  0.0000000    -0.0000    -0.0000   180.0000   180.0000  0.0019945  0.0935639     0.0000   180.0000
  0.674562  0.0228209  0.0189158  0.9771791  0.9810842  0.0000000  0.0000000    -0.0000    -0.0000   180.0000   180.0000  0.0019942  0.0935662     0.0000   180.0000
  0.675975  0.0228174  0.0189127  0.9771826  0.9810873  0.0000000  0.0000000    -0.0000    -0.0000   180.0000   180.0000  0.0019939  0.0935684     0.0000   180.0000
  0.677388  0.0228138  0.0189097  0.9771862  0.9810903  0.0000000  0.0000000    -0.0000    -0.0000   180.0000   180.0000  0.0019936  0.0935707     0.0000   180.0000
  0.678800  0.0228103  0.0189067  0.9771897  0.9810933  0.0000000  0.0000000    -0.0000    -0.0000   180.0000   180.0000  0.0019934  0.0935729     0.0000   180.0000
  0.680213  0.0228068  0.0189037  0.9771932  0.9810963  0.0000000  0.0000000    -0.0000    -0.0000   180.0000   180.0000  0.0019931  0.0935751     0.0000   180.0000
  0.681625  0.0228033  0.0189008  0.9771967  0.9810992  0.0000000  0.0000000    -0.0000    -0.0000   180.0000   180.0000  0.0019928  0.0935773     0.0000   180.0000
  0.683037  0.0227998  0.0188978  0.9772002  0.9811022  0.0000000  0.0000000    -0.0000    -0.0000   180.0000   180.0000  0.0019926  0.0935795     0.0000   180.0000
  0.684450  0.0227964  0.0188948  0.9772036  0.9811052  0.0000000  0.0000000    -0.0000    -0.0000   180.0000   180.0000  0.0019923  0.0935817     0.0000   180.0000
  0.685863  0.0227929  0.0188919  0.9772071  0.9811081  0.0000000  0.0000000    -0.0000    -0.0000   180.0000   180.0000  0.0019920  0.0935839     0.0000   180.0000
  0.687275  0.0227895  0.0188890  0.9772105  0.9811110  0.0000000  0.0000000    -0.0000    -0.0000   180.0000   180.0000  0.0019918  0.0935860     0.0000   180.0000
  0.688688  0.0227861  0.0188861  0.9772139  0.9811139  0.0000000  0.0000000    -0.0000    -0.0000   180.0000   180.0000  0.0019915  0.0935882     0.0000   180.0000
  0.690100  0.0227827  0.0188831  0.9772173  0.9811169  0.0000000  0.0000000    -0.0000    -0.0000   180.0000   180.0000  0.0019912  0.0935903     0.0000   180.0000
  0.691512  0.0227793  0.0188803  0.9772207  0.9811197  0.0000000  0.0000000    -0.0000    -0.0000   180.0000   180.0000  0.0019910  0.0935925     0.0000   180.0000
  0.692925  0.0227759  0.0188774  0.9772241  0.9811226  0.0000000  0.0000000    -0.0000    -0.0000   180.0000   180.0000  0.0019907  0.0935946     0.0000   180.0000
  0.694338  0.0227725  0.0188745  0.9772275  0.9811255  0.0000000  0.0000000    -0.0000    -0.0000   180.0000   180.0000  0.0019905  0.0935967     0.0000   180.0000
  0.695750  0.0227692  0.0188716  0.9772308  0.9811284  0.0000000  0.0000000    -0.0000    -0.0000   180.0000   180.0000  0.0019902  0.0935989     0.0000   180.0000
  0.697162  0.0227658  0.0188688  0.9772342  0.9811312  0.0000000  0.0000000    -0.0000    -0.0000   180.0000   180.0000  0.0019899  0.0936010     0.0000   180.0000
  0.698575  0.0227625  0.0188660  0.9772375  0.9811340  0.0000000  0.0000000    -0.0000    -0.0000   180.0000   180.0000  0.0019897  0.0936031     0.0000   180.0000
  0.699987  0.0227592  0.0188631  0.9772408  0.9811369  0.0000000  0.0000000    -0.0000    -0.0000   180.0000   180.0000  0.0019894  0.0936052     0.0000   180.0000
  0.701400  0.0227559  0.0188603  0.9772441  0.9811397  0.0000000  0.0000000    -0.0000    -0.0000   180.0000   180.0000  0.0019892  0.0936073     0.0000   180.0000
  0.702813  0.0227526  0.0188575  0.9772474  0.9811425  0.0000000  0.0000000    -0.0000    -0.0000   180.0000   180.0000  0.0019889  0.0936093     0.0000   180.0000
  0.704225  0.0227493  0.0188547  0.9772507  0.9811453  0.0000000  0.0000000    -0.0000    -0.0000   180.0000   180.0000  0.0019887  0.0936114     0.0000   180.0000
  0.705637  0.0227461  0.0188519  0.9772539  0.9811481  0.0000000  0.0000000    -0.0000    -0.0000   180.0000   180.0000  0.0019884  0.0936135     0.0000   180.0000
  0.707050  0.0227428  0.0188491  0.9772572  0.9811509  0.0000000  0.0000000    -0.0000    -0.0000   180.0000   180.0000  0.0019882  0.0936155     0.0000   180.0000
  0.708463  0.0227396  0.0188464  0.9772604  0.9811536  0.0000000  0.0000000    -0.0000    -0.0000   180.0000   180.0000  0.0019879  0.0936176     0.0000   180.0000
  0.709875  0.0227363  0.0188436  0.9772637  0.9811564  0.0000000  0.0000000    -0.0000    -0.0000   180.0000   180.0000  0.0019877  0.0936196     0.0000   180.0000
  0.711287  0.0227331  0.0188409  0.9772669  0.9811591  0.0000000  0.0000000    -0.0000    -0.0000   180.0000   180.0000  0.0019874  0.0936217     0.0000   180.0000
  0.712700  0.0227299  0.0188381  0.9772701  0.9811619  0.0000000  0.0000000    -0.0000    -0.0000   180.0000   180.0000  0.0019872  0.0936237     0.0000   180.0000
  0.714112  0.0227267  0.0188354  0.9772733  0.9811646  0.0000000  0.0000000    -0.0000    -0.0000   180.0000   180.0000  0.0019869  0.0936257     0.0000   180.0000
  0.715525  0.0227235  0.0188327  0.9772765  0.9811673  0.0000000  0.0000000    -0.0000    -0.0000   180.0000   180.0000  0.0019867  0.0936277     0.0000   180.0000
  0.716938  0.0227203  0.0188300  0.9772797  0.9811700  0.0000000  0.0000000    -0.0000    -0.0000   180.0000   180.0000  0.0019864  0.0936297     0.0000   180.0000
  0.718350  0.0227172  0.0188273  0.9772828  0.9811727  0.0000000  0.0000000    -0.0000    -0.0000   180.0000   180.0000  0.0019862  0.0936317     0.0000   180.0000
  0.719762  0.0227140  0.0188246  0.9772860  0.9811754  0.0000000  0.0000000    -0.0000    -0.0000   180.0000   180.0000  0.0019860  0.0936337     0.0000   180.0000
  0.721175  0.0227109  0.0188219  0.9772891  0.9811781  0.0000000  0.0000000    -0.0000    -0.0000   180.0000   180.0000  0.0019857  0.0936357     0.0000   180.0000
  0.722587  0.0227077  0.0188193  0.9772923  0.9811807  0.0000000  0.0000000    -0.0000    -0.0000   180.0000   180.0000  0.0019855  0.0936377     0.0000   180.0000
  0.724000  0.0227046  0.0188166  0.9772954  0.9811834  0.0000000  0.0000000    -0.0000    -0.0000   180.0000   180.0000  0.0019852  0.0936397     0.0000   180.0000
  0.725413  0.0227015  0.0188139  0.9772985  0.9811861  0.0000000  0.0000000    -0.0000    -0.0000   180.0000   180.0000  0.0019850  0.0936417     0.0000   180.0000
  0.726825  0.0226984  0.0188113  0.9773016  0.9811887  0.0000000  0.0000000    -0.0000    -0.0000   180.0000   180.0000  0.0019848  0.0936436     0.0000   180.0000
  0.728237  0.0226953  0.0188087  0.9773047  0.9811913  0.0000000  0.0000000    -0.0000    -0.0000   180.0000   180.0000  0.0019845  0.0936456     0.0000   180.0000
  0.729650  0.0226922  0.0188060  0.9773078  0.9811940  0.0000000  0.0000000    -0.0000    -0.0000   180.0000   180.0000  0.0019843  0.0936475     0.0000   180.0000
  0.731062  0.0226892  0.0188034  0.9773108  0.9811966  0.0000000  0.0000000    -0.0000    -0.0000   180.0000   180.0000  0.0019840  0.0936495     0.0000   180.0000
  0.732475  0.0226861  0.0188008  0.9773139  0.9811992  0.0000000  0.0000000    -0.0000    -0.0000   180.0000   180.0000  0.0019838  0.0936514     0.0000   180.0000
  0.733888  0.0226830  0.0187982  0.9773170  0.9812018  0.0000000  0.0000000    -0.0000    -0.0000   180.0000   180.0000  0.0019836  0.0936534     0.0000   180.0000
  0.735300  0.0226800  0.0187956  0.9773200  0.9812044  0.0000000  0.0000000    -0.0000    -0.0000   180.0000   180.0000  0.0019833  0.0936553     0.0000   180.0000
  0.736712  0.0226770  0.0187930  0.9773230  0.9812070  0.0000000  0.0000000    -0.0000    -0.0000   180.0000   180.0000  0.0019831  0.0936572     0.0000   180.0000
  0.738125  0.0226739  0.0187904  0.9773261  0.9812096  0.0000000  0.0000000    -0.0000    -0.0000   180.0000   180.0000  0.0019829  0.0936591     0.0000   180.0000
  0.739537  0.0226709  0.0187879  0.9773291  0.9812121  0.0000000  0.0000000    -0.0000    -0.0000   180.0000   180.0000  0.0019826  0.0936610     0.0000   180.0000
  0.740950  0.0226679  0.0187853  0.9773321  0.9812147  0.0000000  0.0000000    -0.0000    -0.0000   180.0000   180.0000  0.0019824  0.0936629     0.0000   180.0000
  0.742363  0.0226649  0.0187827  0.9773351  0.9812173  0.0000000  0.0000000    -0.0000    -0.0000   180.0000   180.0000  0.0019822  0.0936648     0.0000   180.0000
  0.743775  0.0226619  0.0187802  0.9773381  0.9812198  0.0000000  0.0000000    -0.0000    -0.0000   180.0000   180.0000  0.0019819  0.0936667     0.0000   180.0000
  0.745188  0.0226589  0.0187776  0.9773411  0.9812224  0.0000000  0.0000000    -0.0000    -0.0000   180.0000   180.0000  0.0019817  0.0936686     0.0000   180.0000
  0.746600  0.0226560  0.0187751  0.9773440  0.9812249  0.0000000  0.0000000    -0.0000    -0.0000   180.0000   180.0000  0.0019815  0.0936705     0.0000   180.0000
  0.748012  0.0226530  0.0187726  0.9773470  0.9812274  0.0000000  0.0000000    -0.0000    -0.0000   180.0000   180.0000  0.0019813  0.0936724     0.0000   180.0000
  0.749425  0.0226500  0.0187701  0.9773500  0.9812299  0.0000000  0.0000000    -0.0000    -0.0000   180.0000   180.0000  0.0019810  0.0936743     0.0000   180.0000
  0.750838  0.0226471  0.0187675  0.9773529  0.9812325  0.0000000  0.0000000    -0.0000    -0.0000   180.0000   180.0000  0.0019808  0.0936761     0.0000   180.0000
  0.752250  0.0226442  0.0187650  0.9773558  0.9812350  0.0000000  0.0000000    -0.0000    -0.0000   180.0000   180.0000  0.0019806  0.0936780     0.0000   180.0000
  0.753663  0.0226412  0.0187625  0.9773588  0.9812375  0.0000000  0.0000000    -0.0000    -0.0000   180.0000   180.0000  0.0019803  0.0936799     0.0000   180.0000
  0.755075  0.0226383  0.0187600  0.9773617  0.9812400  0.0000000  0.0000000    -0.0000    -0.0000   180.0000   180.0000  0.0019801  0.0936817     0.0000   180.0000
  0.756487  0.0226354  0.0187575  0.9773646  0.9812425  0.0000000  0.0000000    -0.0000    -0.0000   180.0000   180.0000  0.0019799  0.0936836     0.0000   180.0000
  0.757900  0.0226325  0.0187551  0.9773675  0.9812449  0.0000000  0.0000000    -0.0000    -0.0000   180.0000   180.0000  0.0019797  0.0936854     0.0000   180.0000
  0.759313  0.0226296  0.0187526  0.9773704  0.9812474  0.0000000  0.0000000    -0.0000    -0.0000   180.0000   180.0000  0.0019794  0.0936873     0.0000   180.0000
  0.760725  0.0226267  0.0187501  0.9773733  0.9812499  0.0000000  0.0000000    -0.0000    -0.0000   180.0000   180.0000  0.0019792  0.0936891     0.0000   180.0000
  0.762137  0.0226238  0.0187477  0.9773762  0.9812523  0.0000000  0.0000000    -0.0000    -0.0000   180.0000   180.0000  0.0019790  0.0936909     0.0000   180.0000
  0.763550  0.0226209  0.0187452  0.9773791  0.9812548  0.0000000  0.0000000    -0.0000    -0.0000   180.0000   180.0000  0.0019788  0.0936927     0.0000   180.0000
  0.764962  0.0226180  0.0187428  0.9773820  0.9812572  0.0000000  0.0000000    -0.0000    -0.0000   180.0000   180.0000  0.0019786  0.0936946     0.0000   180.0000
  0.766375  0.0226152  0.0187403  0.9773848  0.9812597  0.0000000  0.0000000    -0.0000    -0.0000   180.0000   180.0000  0.0019783  0.0936964     0.0000   180.0000
  0.767788  0.0226123  0.0187379  0.9773877  0.9812621  0.0000000  0.0000000    -0.0000    -0.0000   180.0000   180.0000  0.0019781  0.0936982     0.0000   180.0000
  0.769200  0.0226095  0.0187354  0.9773905  0.9812646  0.0000000  0.0000000    -0.0000    -0.0000   180.0000   180.0000  0.0019779  0.0937000     0.0000   180.0000
  0.770612  0.0226066  0.0187330  0.9773934  0.9812670  0.0000000  0.0000000    -0.0000    -0.0000   180.0000   180.0000  0.0019777  0.0937018     0.0000   180.0000
  0.772025  0.0226038  0.0187306  0.9773962  0.9812694  0.0000000  0.0000000    -0.0000    -0.0000   180.0000   180.0000  0.0019775  0.0937036     0.0000   180.0000
  0.773438  0.0226010  0.0187282  0.9773990  0.9812718  0.0000000  0.0000000    -0.0000    -0.0000   180.0000   180.0000  0.0019772  0.0937054     0.0000   180.0000
  0.774850  0.0225981  0.0187258  0.9774019  0.9812742  0.0000000  0.0000000    -0.0000    -0.0000   180.0000   180.0000  0.0019770  0.0937072     0.0000   180.0000
  0.776262  0.0225953  0.0187234  0.9774047  0.9812766  0.0000000  0.0000000    -0.0000    -0.0000   180.0000   180.0000  0.0019768  0.0937090     0.0000   180.0000
  0.777675  0.0225925  0.0187210  0.9774075  0.9812790  0.0000000  0.0000000    -0.0000    -0.0000   180.0000   180.0000  0.0019766  0.0937108     0.0000   180.0000
  0.779087  0.0225897  0.0187186  0.9774103  0.9812814  0.0000000  0.0000000    -0.0000    -0.0000   180.0000   180.0000  0.0019764  0.0937126     0.0000   180.0000
  0.780500  0.0225869  0.0187162  0.9774131  0.9812838  0.0000000  0.0000000    -0.0000    -0.0000   180.0000   180.0000  0.0019762  0.0937143     0.0000   180.0000
  0.781913  0.0225841  0.0187138  0.9774159  0.9812862  0.0000000  0.0000000    -0.0000    -0.0000   180.0000   180.0000  0.0019759  0.0937161     0.0000   180.0000
  0.783325  0.0225813  0.0187114  0.9774187  0.9812886  0.0000000  0.0000000    -0.0000    -0.0000   180.0000   180.0000  0.0019757  0.0937179     0.0000   180.0000
  0.784737  0.0225785  0.0187091  0.9774215  0.9812909  0.0000000  0.0000000    -0.0000    -0.0000   180.0000   180.0000  0.0019755  0.0937196     0.0000   180.0000
  0.786150  0.0225758  0.0187067  0.9774242  0.9812933  0.0000000  0.0000000    -0.0000    -0.0000   180.0000   180.0000  0.0019753  0.0937214     0.0000   180.0000
  0.787562  0.0225730  0.0187044  0.9774270  0.9812956  0.0000000  0.0000000    -0.0000    -0.0000   180.0000   180.0000  0.0019751  0.0937232     0.0000   180.0000
  0.788975  0.0225702  0.0187020  0.9774298  0.9812980  0.0000000  0.0000000    -0.0000    -0.0000   180.0000   180.0000  0.0019749  0.0937249     0.0000   180.0000
  0.790388  0.0225675  0.0186996  0.9774325  0.9813004  0.0000000  0.0000000    -0.0000    -0.0000   180.0000   180.0000  0.0019747  0.0937267     0.0000   180.0000
  0.791800  0.0225647  0.0186973  0.9774353  0.9813027  0.0000000  0.0000000    -0.0000    -0.0000   180.0000   180.0000  0.0019744  0.0937284     0.0000   180.0000
  0.793212  0.0225620  0.0186950  0.9774380  0.9813050  0.0000000  0.0000000    -0.0000    -0.0000   180.0000   180.0000  0.0019742  0.0937302     0.0000   180.0000
  0.794625  0.0225592  0.0186926  0.9774408  0.9813074  0.0000000  0.0000000    -0.0000    -0.0000   180.0000   180.0000  0.0019740  0.0937319     0.0000   180.0000
  0.796037  0.0225565  0.0186903  0.9774435  0.9813097  0.0000000  0.0000000    -0.0000    -0.0000   180.0000   180.0000  0.0019738  0.0937336     0.0000   180.0000
  0.797450  0.0225538  0.0186880  0.9774462  0.9813120  0.0000000  0.0000000    -0.0000    -0.0000   180.0000   180.0000  0.0019736  0.0937354     0.0000   180.0000
  0.798863  0.0225511  0.0186856  0.9774489  0.9813144  0.0000000  0.0000000    -0.0000    -0.0000   180.0000   180.0000  0.0019734  0.0937371     0.0000   180.0000
  0.800275  0.0225483  0.0186833  0.9774517  0.9813167  0.0000000  0.0000000    -0.0000    -0.0000   180.0000   180.0000  0.0019732  0.0937388     0.0000   180.0000
  0.801688  0.0225456  0.0186810  0.9774544  0.9813190  0.0000000  0.0000000    -0.0000    -0.0000   180.0000   180.0000  0.0019730  0.0937406     0.0000   180.0000
  0.803100  0.0225429  0.0186787  0.9774571  0.9813213  0.0000000  0.0000000    -0.0000    -0.0000   180.0000   180.0000  0.0019728  0.0937423     0.0000   180.0000
  0.804512  0.0225402  0.0186764  0.9774598  0.9813236  0.0000000  0.0000000    -0.0000    -0.0000   180.0000   180.0000  0.0019726  0.0937440     0.0000   180.0000
  0.805925  0.0225375  0.0186741  0.9774625  0.9813259  0.0000000  0.0000000    -0.0000    -0.0000   180.0000   180.0000  0.0019723  0.0937457     0.0000   180.0000
  0.807338  0.0225348  0.0186718  0.9774652  0.9813282  0.0000000  0.0000000    -0.0000    -0.0000   180.0000   180.0000  0.0019721  0.0937474     0.0000   180.0000
  0.808750  0.0225321  0.0186695  0.9774679  0.9813305  0.0000000  0.0000000    -0.0000    -0.0000   180.0000   180.0000  0.0019719  0.0937491     0.0000   180.0000
  0.810163  0.0225295  0.0186672  0.9774705  0.9813328  0.0000000  0.0000000    -0.0000    -0.0000   180.0000   180.0000  0.0019717  0.0937509     0.0000   180.0000
  0.811575  0.0225268  0.0186649  0.9774732  0.9813351  0.0000000  0.0000000    -0.0000    -0.0000   180.0000   180.0000  0.0019715  0.0937526     0.0000   180.0000
  0.812987  0.0225241  0.0186627  0.9774759  0.9813373  0.0000000  0.0000000    -0.0000    -0.0000   180.0000   180.0000  0.0019713  0.0937543     0.0000   180.0000
  0.814400  0.0225214  0.0186604  0.9774786  0.9813396  0.0000000  0.0000000    -0.0000    -0.0000   180.0000   180.0000  0.0019711  0.0937560     0.0000   180.0000
  0.815813  0.0225188  0.0186581  0.9774812  0.9813419  0.0000000  0.0000000    -0.0000    -0.0000   180.0000   180.0000  0.0019709  0.0937577     0.0000   180.0000
  0.817225  0.0225161  0.0186558  0.9774839  0.9813442  0.0000000  0.0000000    -0.0000    -0.0000   180.0000   180.0000  0.0019707  0.0937593     0.0000   180.0000
  0.818637  0.0225134  0.0186536  0.9774866  0.9813464  0.0000000  0.0000000    -0.0000    -0.0000   180.0000   180.0000  0.0019705  0.0937610     0.0000   180.0000
  0.820050  0.0225108  0.0186513  0.9774892  0.9813487  0.0000000  0.0000000    -0.0000    -0.0000   180.0000   180.0000  0.0019703  0.0937627     0.0000   180.0000
  0.821462  0.0225081  0.0186491  0.9774919  0.9813509  0.0000000  0.0000000    -0.0000    -0.0000   180.0000   180.0000  0.0019701  0.0937644     0.0000   180.0000
  0.822875  0.0225055  0.0186468  0.9774945  0.9813532  0.0000000  0.0000000    -0.0000    -0.0000   180.0000   180.0000  0.0019699  0.0937661     0.0000   180.0000
  0.824288  0.0225029  0.0186446  0.9774971  0.9813554  0.0000000  0.0000000    -0.0000    -0.0000   180.0000   180.0000  0.0019697  0.0937678     0.0000   180.0000
  0.825700  0.0225002  0.0186423  0.9774998  0.9813577  0.0000000  0.0000000    -0.0000    -0.0000   180.0000   180.0000  0.0019695  0.0937695     0.0000   180.0000
  0.827112  0.0224976  0.0186401  0.9775024  0.9813599  0.0000000  0.0000000    -0.0000    -0.0000   180.0000   180.0000  0.0019693  0.0937711     0.0000   180.0000
  0.828525  0.0224950  0.0186378  0.9775050  0.9813622  0.0000000  0.0000000    -0.0000    -0.0000   180.0000   180.0000  0.0019691  0.0937728     0.0000   180.0000
  0.829937  0.0224924  0.0186356  0.9775076  0.9813644  0.0000000  0.0000000    -0.0000    -0.0000   180.0000   180.0000  0.0019689  0.0937745     0.0000   180.0000
  0.831350  0.0224897  0.0186334  0.9775103  0.9813666  0.0000000  0.0000000    -0.0000    -0.0000   180.0000   180.0000  0.0019687  0.0937761     0.0000   180.0000
  0.832762  0.0224871  0.0186311  0.9775129  0.9813689  0.0000000  0.0000000    -0.0000    -0.0000   180.0000   180.0000  0.0019685  0.0937778     0.0000   180.0000
  0.834175  0.0224845  0.0186289  0.9775155  0.9813711  0.0000000  0.0000000    -0.0000    -0.0000   180.0000   180.0000  0.0019683  0.0937795     0.0000   180.0000
  0.835587  0.0224819  0.0186267  0.9775181  0.9813733  0.0000000  0.0000000    -0.0000    -0.0000   180.0000   180.0000  0.0019681  0.0937811     0.0000   180.0000
  0.837000  0.0224793  0.0186245  0.9775207  0.9813755  0.0000000  0.0000000    -0.0000    -0.0000   180.0000   180.0000  0.0019679  0.0937828     0.0000   180.0000
  0.838413  0.0224767  0.0186223  0.9775233  0.9813777  0.0000000  0.0000000    -0.0000    -0.0000   180.0000   180.0000  0.0019677  0.0937844     0.0000   180.0000
  0.839825  0.0224741  0.0186200  0.9775259  0.9813800  0.0000000  0.0000000    -0.0000    -0.0000   180.0000   180.0000  0.0019675  0.0937861     0.0000   180.0000
  0.841237  0.0224715  0.0186178  0.9775285  0.9813822  0.0000000  0.0000000    -0.0000    -0.0000   180.0000   180.0000  0.0019673  0.0937878     0.0000   180.0000
  0.842650  0.0224689  0.0186156  0.9775311  0.9813844  0.0000000  0.0000000    -0.0000    -0.0000   180.0000   180.0000  0.0019671  0.0937894     0.0000   180.0000
  0.844062  0.0224663  0.0186134  0.9775337  0.9813866  0.0000000  0.0000000    -0.0000    -0.0000   180.0000   180.0000  0.0019669  0.0937911     0.0000   180.0000
  0.845475  0.0224637  0.0186112  0.9775363  0.9813888  0.0000000  0.0000000    -0.0000    -0.0000   180.0000   180.0000  0.0019667  0.0937927     0.0000   180.0000
  0.846888  0.0224612  0.0186090  0.9775388  0.9813910  0.0000000  0.0000000    -0.0000    -0.0000   180.0000   180.0000  0.0019665  0.0937943     0.0000   180.0000
  0.848300  0.0224586  0.0186068  0.9775414  0.9813932  0.0000000  0.0000000    -0.0000    -0.0000   180.0000   180.0000  0.0019663  0.0937960     0.0000   180.0000
  0.849712  0.0224560  0.0186046  0.9775440  0.9813954  0.0000000  0.0000000    -0.0000    -0.0000   180.0000   180.0000  0.0019661  0.0937976     0.0000   180.0000
  0.851125  0.0224534  0.0186024  0.9775466  0.9813976  0.0000000  0.0000000    -0.0000    -0.0000   180.0000   180.0000  0.0019659  0.0937993     0.0000   180.0000
  0.852537  0.0224509  0.0186002  0.9775491  0.9813998  0.0000000  0.0000000    -0.0000    -0.0000   180.0000   180.0000  0.0019657  0.0938009     0.0000   180.0000
  0.853950  0.0224483  0.0185981  0.9775517  0.9814019  0.0000000  0.0000000    -0.0000    -0.0000   180.0000   180.0000  0.0019655  0.0938025     0.0000   180.0000
  0.855363  0.0224457  0.0185959  0.9775543  0.9814041  0.0000000  0.0000000    -0.0000    -0.0000   180.0000   180.0000  0.0019653  0.0938042     0.0000   180.0000
  0.856775  0.0224432  0.0185937  0.9775568  0.9814063  0.0000000  0.0000000    -0.0000    -0.0000   180.0000   180.0000  0.0019651  0.0938058     0.0000   180.0000
  0.858187  0.0224406  0.0185915  0.9775594  0.9814085  0.0000000  0.0000000    -0.0000    -0.0000   180.0000   180.0000  0.0019649  0.0938074     0.0000   180.0000
  0.859600  0.0224381  0.0185893  0.9775619  0.9814107  0.0000000  0.0000000    -0.0000    -0.0000   180.0000   180.0000  0.0019647  0.0938091     0.0000   180.0000
  0.861012  0.0224355  0.0185872  0.9775645  0.9814128  0.0000000  0.0000000    -0.0000    -0.0000   180.0000   180.0000  0.0019645  0.0938107     0.0000   180.0000
  0.862425  0.0224330  0.0185850  0.9775670  0.9814150  0.0000000  0.0000000    -0.0000    -0.0000   180.0000   180.0000  0.0019643  0.0938123     0.0000   180.0000
  0.863838  0.0224304  0.0185828  0.9775696  0.9814172  0.0000000  0.0000000    -0.0000    -0.0000   180.0000   180.0000  0.0019641  0.0938139     0.0000   180.0000
  0.865250  0.0224279  0.0185807  0.9775721  0.9814193  0.0000000  0.0000000    -0.0000    -0.0000   180.0000   180.0000  0.0019639  0.0938156     0.0000   180.0000
  0.866663  0.0224254  0.0185785  0.9775746  0.9814215  0.0000000  0.0000000    -0.0000    -0.0000   180.0000   180.0000  0.0019637  0.0938172     0.0000   180.0000
  0.868075  0.0224228  0.0185763  0.9775772  0.9814237  0.0000000  0.0000000    -0.0000    -0.0000   180.0000   180.0000  0.0019635  0.0938188     0.0000   180.0000
  0.869487  0.0224203  0.0185742  0.9775797  0.9814258  0.0000000  0.0000000    -0.0000    -0.0000   180.0000   180.0000  0.0019633  0.0938204     0.0000   180.0000
  0.870900  0.0224178  0.0185720  0.9775822  0.9814280  0.0000000  0.0000000    -0.0000    -0.0000   180.0000   180.0000  0.0019631  0.0938220     0.0000   180.0000
  0.872313  0.0224152  0.0185699  0.9775848  0.9814301  0.0000000  0.0000000    -0.0000    -0.0000   180.0000   180.0000  0.0019629  0.0938236     0.0000   180.0000
  0.873725  0.0224127  0.0185677  0.9775873  0.9814323  0.0000000  0.0000000    -0.0000    -0.0000   180.0000   180.0000  0.0019627  0.0938253     0.0000   180.0000
  0.875137  0.0224102  0.0185655  0.9775898  0.9814345  0.0000000  0.0000000    -0.0000    -0.0000   180.0000   180.0000  0.0019625  0.0938269     0.0000   180.0000
  0.876550  0.0224077  0.0185634  0.9775923  0.9814366  0.0000000  0.0000000    -0.0000    -0.0000   180.0000   180.0000  0.0019623  0.0938285     0.0000   180.0000
  0.877962  0.0224051  0.0185613  0.9775949  0.9814387  0.0000000  0.0000000    -0.0000    -0.0000   180.0000   180.0000  0.0019621  0.0938301     0.0000   180.0000
  0.879375  0.0224026  0.0185591  0.9775974  0.9814409  0.0000000  0.0000000    -0.0000    -0.0000   180.0000   180.0000  0.0019619  0.0938317     0.0000   180.0000
  0.880788  0.0224001  0.0185570  0.9775999  0.9814430  0.0000000  0.0000000    -0.0000    -0.0000   180.0000   180.0000  0.0019617  0.0938333     0.0000   180.0000
  0.882200  0.0223976  0.0185548  0.9776024  0.9814452  0.0000000  0.0000000    -0.0000    -0.0000   180.0000   180.0000  0.0019615  0.0938349     0.0000   180.0000
  0.883612  0.0223951  0.0185527  0.9776049  0.9814473  0.0000000  0.0000000    -0.0000    -0.0000   180.0000   180.0000  0.0019614  0.0938365     0.0000   180.0000
  0.885025  0.0223926  0.0185505  0.9776074  0.9814495  0.0000000  0.0000000    -0.0000    -0.0000   180.0000   180.0000  0.0019612  0.0938381     0.0000   180.0000
  0.886437  0.0223901  0.0185484  0.9776099  0.9814516  0.0000000  0.0000000    -0.0000    -0.0000   180.0000   180.0000  0.0019610  0.0938397     0.0000   180.0000
  0.887850  0.0223876  0.0185463  0.9776124  0.9814537  0.0000000  0.0000000    -0.0000    -0.0000   180.0000   180.0000  0.0019608  0.0938413     0.0000   180.0000
  0.889262  0.0223851  0.0185441  0.9776149  0.9814559  0.0000000  0.0000000    -0.0000    -0.0000   180.0000   180.0000  0.0019606  0.0938429     0.0000   180.0000
  0.890675  0.0223826  0.0185420  0.9776174  0.9814580  0.0000000  0.0000000    -0.0000    -0.0000   180.0000   180.0000  0.0019604  0.0938445     0.0000   180.0000
  0.892087  0.0223801  0.0185399  0.9776199  0.9814601  0.0000000  0.0000000    -0.0000    -0.0000   180.0000   180.0000  0.0019602  0.0938461     0.0000   180.0000
  0.893500  0.0223776  0.0185377  0.9776224  0.9814623  0.0000000  0.0000000    -0.0000    -0.0000   180.0000   180.0000  0.0019600  0.0938477     0.0000   180.0000
  0.894913  0.0223751  0.0185356  0.9776249  0.9814644  0.0000000  0.0000000    -0.0000    -0.0000   180.0000   180.0000  0.0019598  0.0938493     0.0000   180.0000
  0.896325  0.0223726  0.0185335  0.9776274  0.9814665  0.0000000  0.0000000    -0.0000    -0.0000   180.0000   180.0000  0.0019596  0.0938509     0.0000   180.0000
  0.897737  0.0223701  0.0185314  0.9776299  0.9814686  0.0000000  0.0000000    -0.0000    -0.0000   180.0000   180.0000  0.0019594  0.0938525     0.0000   180.0000
  0.899150  0.0223676  0.0185293  0.9776324  0.9814707  0.0000000  0.0000000    -0.0000    -0.0000   180.0000   180.0000  0.0019592  0.0938541     0.0000   180.0000
  0.900562  0.0223651  0.0185271  0.9776349  0.9814729  0.0000000  0.0000000    -0.0000    -0.0000   180.0000   180.0000  0.0019590  0.0938557     0.0000   180.0000
  0.901975  0.0223626  0.0185250  0.9776374  0.9814750  0.0000000  0.0000000    -0.0000    -0.0000   180.0000   180.0000  0.0019588  0.0938572     0.0000   180.0000
  0.903388  0.0223601  0.0185229  0.9776399  0.9814771  0.0000000  0.0000000    -0.0000    -0.0000   180.0000   180.0000  0.0019587  0.0938588     0.0000   180.0000
  0.904800  0.0223576  0.0185208  0.9776424  0.9814792  0.0000000  0.0000000    -0.0000    -0.0000   180.0000   180.0000  0.0019585  0.0938604     0.0000   180.0000
  0.906212  0.0223552  0.0185187  0.9776448  0.9814813  0.0000000  0.0000000    -0.0000    -0.0000   180.0000   180.0000  0.0019583  0.0938620     0.0000   180.0000
  0.907625  0.0223527  0.0185165  0.9776473  0.9814835  0.0000000  0.0000000    -0.0000    -0.0000   180.0000   180.0000  0.0019581  0.0938636     0.0000   180.0000
  0.909037  0.0223502  0.0185144  0.9776498  0.9814856  0.0000000  0.0000000    -0.0000    -0.0000   180.0000   180.0000  0.0019579  0.0938652     0.0000   180.0000
  0.910450  0.0223477  0.0185123  0.9776523  0.9814877  0.0000000  0.0000000    -0.0000    -0.0000   180.0000   180.0000  0.0019577  0.0938668     0.0000   180.0000
  0.911863  0.0223452  0.0185102  0.9776548  0.9814898  0.0000000  0.0000000    -0.0000    -0.0000   180.0000   180.0000  0.0019575  0.0938683     0.0000   180.0000
  0.913275  0.0223428  0.0185081  0.9776572  0.9814919  0.0000000  0.0000000    -0.0000    -0.0000   180.0000   180.0000  0.0019573  0.0938699     0.0000   180.0000
  0.914687  0.0223403  0.0185060  0.9776597  0.9814940  0.0000000  0.0000000    -0.0000    -0.0000   180.0000   180.0000  0.0019571  0.0938715     0.0000   180.0000
  0.916100  0.0223378  0.0185039  0.9776622  0.9814961  0.0000000  0.0000000    -0.0000    -0.0000   180.0000   180.0000  0.0019569  0.0938731     0.0000   180.0000
  0.917512  0.0223354  0.0185018  0.9776646  0.9814982  0.0000000  0.0000000    -0.0000    -0.0000   180.0000   180.0000  0.0019567  0.0938747     0.0000   180.0000
  0.918925  0.0223329  0.0184997  0.9776671  0.9815003  0.0000000  0.0000000    -0.0000    -0.0000   180.0000   180.0000  0.0019565  0.0938763     0.0000   180.0000
  0.920337  0.0223304  0.0184976  0.9776696  0.9815024  0.0000000  0.0000000    -0.0000    -0.0000   180.0000   180.0000  0.0019564  0.0938778     0.0000   180.0000
  0.921750  0.0223280  0.0184955  0.9776720  0.9815045  0.0000000  0.0000000    -0.0000    -0.0000   180.0000   180.0000  0.0019562  0.0938794     0.0000   180.0000
  0.923163  0.0223255  0.0184934  0.9776745  0.9815066  0.0000000  0.0000000    -0.0000    -0.0000   180.0000   180.0000  0.0019560  0.0938810     0.0000   180.0000
  0.924575  0.0223230  0.0184913  0.9776770  0.9815087  0.0000000  0.0000000    -0.0000    -0.0000   180.0000   180.0000  0.0019558  0.0938826     0.0000   180.0000
  0.925987  0.0223206  0.0184892  0.9776794  0.9815108  0.0000000  0.0000000    -0.0000    -0.0000   180.0000   180.0000  0.0019556  0.0938841     0.0000   180.0000
  0.927400  0.0223181  0.0184871  0.9776819  0.9815129  0.0000000  0.0000000    -0.0000    -0.0000   180.0000   180.0000  0.0019554  0.0938857     0.0000   180.0000
  0.928812  0.0223156  0.0184850  0.9776844  0.9815150  0.0000000  0.0000000    -0.0000    -0.0000   180.0000   180.0000  0.0019552  0.0938873     0.0000   180.0000
  0.930225  0.0223132  0.0184829  0.9776868  0.9815171  0.0000000  0.0000000    -0.0000    -0.0000   180.0000   180.0000  0.0019550  0.0938889     0.0000   180.0000
  0.931638  0.0223107  0.0184808  0.9776893  0.9815192  0.0000000  0.0000000    -0.0000    -0.0000   180.0000   180.0000  0.0019548  0.0938904     0.0000   180.0000
  0.933050  0.0223083  0.0184787  0.9776917  0.9815213  0.0000000  0.0000000    -0.0000    -0.0000   180.0000   180.0000  0.0019546  0.0938920     0.0000   180.0000
  0.934462  0.0223058  0.0184766  0.9776942  0.9815234  0.0000000  0.0000000    -0.0000    -0.0000   180.0000   180.0000  0.0019545  0.0938936     0.0000   180.0000
  0.935875  0.0223033  0.0184745  0.9776967  0.9815255  0.0000000  0.0000000    -0.0000    -0.0000   180.0000   180.0000  0.0019543  0.0938952     0.0000   180.0000
  0.937287  0.0223009  0.0184724  0.9776991  0.9815276  0.0000000  0.0000000    -0.0000    -0.0000   180.0000   180.0000  0.0019541  0.0938967     0.0000   180.0000
  0.938700  0.0222984  0.0184703  0.9777016  0.9815297  0.0000000  0.0000000    -0.0000    -0.0000   180.0000   180.0000  0.0019539  0.0938983     0.0000   180.0000
  0.940113  0.0222960  0.0184682  0.9777040  0.9815318  0.0000000  0.0000000    -0.0000    -0.0000   180.0000   180.0000  0.0019537  0.0938999     0.0000   180.0000
  0.941525  0.0222935  0.0184661  0.9777065  0.9815339  0.0000000  0.0000000    -0.0000    -0.0000   180.0000   180.0000  0.0019535  0.0939014     0.0000   180.0000
  0.942937  0.0222911  0.0184640  0.9777089  0.9815360  0.0000000  0.0000000    -0.0000    -0.0000   180.0000   180.0000  0.0019533  0.0939030     0.0000   180.0000
  0.944350  0.0222886  0.0184620  0.9777114  0.9815380  0.0000000  0.0000000    -0.0000    -0.0000   180.0000   180.0000  0.0019531  0.0939046     0.0000   180.0000
  0.945762  0.0222862  0.0184599  0.9777138  0.9815401  0.0000000  0.0000000    -0.0000    -0.0000   180.0000   180.0000  0.0019529  0.0939062     0.0000   180.0000
  0.947175  0.0222837  0.0184578  0.9777163  0.9815422  0.0000000  0.0000000    -0.0000    -0.0000   180.0000   180.0000  0.0019527  0.0939077     0.0000   180.0000
  0.948588  0.0222813  0.0184557  0.9777187  0.9815443  0.0000000  0.0000000    -0.0000    -0.0000   180.0000   180.0000  0.0019526  0.0939093     0.0000   180.0000
  0.950000  0.0222788  0.0184536  0.9777212  0.9815464  0.0000000  0.0000000    -0.0000    -0.0000   180.0000   180.0000  0.0019524  0.0939109     0.0000   180.0000
