350.000000	0.001535	0.001403	0.002234	0.001606	0.001809	0.001560	0.002067	0.003028
351.000000	0.001531	0.001383	0.002235	0.001640	0.001796	0.001624	0.002073	0.003019
352.000000	0.001574	0.001392	0.002238	0.001702	0.001796	0.001669	0.002088	0.003031
353.000000	0.001630	0.001439	0.002249	0.001734	0.001817	0.001673	0.002110	0.003056
354.000000	0.001624	0.001464	0.002247	0.001665	0.001820	0.001683	0.002112	0.003071
355.000000	0.001624	0.001451	0.002264	0.001698	0.001851	0.001690	0.002126	0.003067
356.000000	0.001624	0.001434	0.002294	0.001770	0.001888	0.001683	0.002138	0.003034
357.000000	0.001610	0.001459	0.002320	0.001760	0.001893	0.001658	0.002130	0.002980
358.000000	0.001656	0.001500	0.002315	0.001791	0.001878	0.001663	0.002142	0.002995
359.000000	0.001679	0.001522	0.002312	0.001827	0.001858	0.001685	0.002163	0.003025
360.000000	0.001654	0.001511	0.002326	0.001844	0.001852	0.001709	0.002179	0.003029
361.000000	0.001714	0.001498	0.002325	0.001876	0.001896	0.001739	0.002190	0.003035
362.000000	0.001700	0.001495	0.002330	0.001916	0.001925	0.001743	0.002165	0.003008
363.000000	0.001647	0.001507	0.002338	0.001940	0.001925	0.001741	0.002132	0.002971
364.000000	0.001696	0.001533	0.002333	0.001906	0.001912	0.001781	0.002158	0.002980
365.000000	0.001693	0.001554	0.002356	0.001873	0.001908	0.001788	0.002172	0.002992
366.000000	0.001683	0.001567	0.002372	0.001884	0.001927	0.001775	0.002170	0.002986
367.000000	0.001714	0.001573	0.002352	0.001943	0.001963	0.001771	0.002166	0.002962
368.000000	0.001697	0.001600	0.002356	0.001913	0.001940	0.001796	0.002180	0.002965
369.000000	0.001692	0.001591	0.002371	0.001911	0.001942	0.001813	0.002189	0.002989
370.000000	0.001716	0.001557	0.002388	0.001966	0.001987	0.001814	0.002189	0.003006
371.000000	0.001719	0.001626	0.002408	0.001972	0.001987	0.001837	0.002199	0.002940
372.000000	0.001738	0.001623	0.002404	0.001996	0.001990	0.001855	0.002193	0.002946
373.000000	0.001751	0.001574	0.002403	0.002023	0.001999	0.001878	0.002184	0.002993
374.000000	0.001719	0.001590	0.002446	0.002013	0.002005	0.001920	0.002199	0.002981
375.000000	0.001713	0.001668	0.002442	0.002038	0.002016	0.001939	0.002202	0.002982
376.000000	0.001727	0.001678	0.002427	0.002069	0.002019	0.001932	0.002206	0.002996
377.000000	0.001746	0.001582	0.002440	0.002080	0.002016	0.001912	0.002224	0.003005
378.000000	0.001776	0.001665	0.002463	0.002094	0.002050	0.001916	0.002255	0.002968
379.000000	0.001773	0.001736	0.002502	0.002085	0.002066	0.001950	0.002257	0.002951
380.000000	0.001748	0.001740	0.002535	0.002080	0.002058	0.001996	0.002237	0.002968
381.000000	0.001774	0.001754	0.002517	0.002157	0.002068	0.002006	0.002257	0.002975
382.000000	0.001792	0.001765	0.002520	0.002164	0.002083	0.002024	0.002256	0.002997
383.000000	0.001802	0.001777	0.002541	0.002143	0.002099	0.002039	0.002257	0.003009
384.000000	0.001819	0.001796	0.002557	0.002183	0.002111	0.002035	0.002293	0.002987
385.000000	0.001797	0.001778	0.002598	0.002212	0.002122	0.002046	0.002298	0.003005
386.000000	0.001807	0.001790	0.002624	0.002219	0.002137	0.002070	0.002295	0.003027
387.000000	0.001865	0.001850	0.002618	0.002207	0.002152	0.002096	0.002302	0.003024
388.000000	0.001856	0.001850	0.002616	0.002194	0.002145	0.002115	0.002311	0.002995
389.000000	0.001851	0.001838	0.002626	0.002239	0.002140	0.002129	0.002344	0.002974
390.000000	0.001865	0.001830	0.002640	0.002304	0.002156	0.002142	0.002371	0.002979
391.000000	0.001874	0.001828	0.002636	0.002285	0.002202	0.002163	0.002330	0.003023
392.000000	0.001885	0.001913	0.002652	0.002301	0.002210	0.002185	0.002337	0.003033
393.000000	0.001881	0.001979	0.002672	0.002332	0.002207	0.002201	0.002354	0.003024
394.000000	0.001859	0.001934	0.002673	0.002340	0.002225	0.002206	0.002332	0.003026
395.000000	0.001895	0.001962	0.002679	0.002360	0.002222	0.002209	0.002342	0.003026
396.000000	0.001924	0.002001	0.002685	0.002370	0.002230	0.002210	0.002364	0.003020
397.000000	0.001923	0.002009	0.002685	0.002363	0.002250	0.002215	0.002373	0.003014
398.000000	0.001940	0.001984	0.002669	0.002361	0.002226	0.002243	0.002351	0.003021
399.000000	0.001964	0.002008	0.002668	0.002373	0.002221	0.002261	0.002338	0.003018
400.000000	0.001972	0.002045	0.002672	0.002396	0.002233	0.002269	0.002342	0.003008
401.000000	0.001936	0.002004	0.002655	0.002418	0.002232	0.002277	0.002349	0.003003
402.000000	0.001926	0.002019	0.002661	0.002439	0.002239	0.002290	0.002348	0.003029
403.000000	0.001931	0.002066	0.002677	0.002457	0.002244	0.002298	0.002343	0.003046
404.000000	0.001929	0.002096	0.002683	0.002470	0.002237	0.002297	0.002344	0.003019
405.000000	0.001927	0.002085	0.002696	0.002479	0.002246	0.002324	0.002355	0.002996
406.000000	0.001939	0.002086	0.002699	0.002483	0.002255	0.002343	0.002357	0.002998
407.000000	0.001960	0.002117	0.002691	0.002482	0.002257	0.002342	0.002347	0.003022
408.000000	0.001950	0.002126	0.002710	0.002487	0.002247	0.002350	0.002346	0.003015
409.000000	0.001943	0.002150	0.002725	0.002498	0.002247	0.002362	0.002346	0.003010
410.000000	0.001948	0.002185	0.002729	0.002509	0.002259	0.002375	0.002350	0.003013
411.000000	0.001960	0.002207	0.002733	0.002508	0.002268	0.002385	0.002365	0.003011
412.000000	0.001972	0.002207	0.002735	0.002512	0.002274	0.002393	0.002371	0.003019
413.000000	0.001981	0.002200	0.002743	0.002519	0.002278	0.002403	0.002370	0.003030
414.000000	0.001986	0.002205	0.002764	0.002523	0.002287	0.002416	0.002372	0.003035
415.000000	0.001998	0.002237	0.002777	0.002549	0.002291	0.002427	0.002378	0.003042
416.000000	0.002007	0.002268	0.002782	0.002575	0.002299	0.002448	0.002387	0.003056
417.000000	0.002012	0.002286	0.002785	0.002589	0.002313	0.002480	0.002398	0.003076
418.000000	0.002030	0.002299	0.002808	0.002607	0.002330	0.002490	0.002413	0.003075
419.000000	0.002039	0.002330	0.002831	0.002621	0.002343	0.002505	0.002423	0.003077
420.000000	0.002040	0.002368	0.002851	0.002633	0.002353	0.002525	0.002430	0.003087
421.000000	0.002056	0.002376	0.002869	0.002651	0.002369	0.002533	0.002444	0.003094
422.000000	0.002080	0.002391	0.002897	0.002678	0.002381	0.002558	0.002458	0.003111
423.000000	0.002102	0.002414	0.002929	0.002708	0.002392	0.002589	0.002470	0.003132
424.000000	0.002114	0.002439	0.002955	0.002732	0.002405	0.002607	0.002479	0.003144
425.000000	0.002125	0.002465	0.002974	0.002736	0.002425	0.002633	0.002498	0.003156
426.000000	0.002138	0.002494	0.002993	0.002755	0.002446	0.002664	0.002520	0.003171
427.000000	0.002153	0.002527	0.003016	0.002800	0.002465	0.002690	0.002538	0.003187
428.000000	0.002174	0.002561	0.003041	0.002830	0.002475	0.002704	0.002558	0.003206
429.000000	0.002190	0.002577	0.003064	0.002841	0.002488	0.002727	0.002571	0.003214
430.000000	0.002202	0.002584	0.003084	0.002844	0.002505	0.002758	0.002576	0.003219
431.000000	0.002221	0.002614	0.003104	0.002861	0.002518	0.002771	0.002589	0.003241
432.000000	0.002236	0.002641	0.003122	0.002889	0.002530	0.002789	0.002605	0.003254
433.000000	0.002247	0.002663	0.003141	0.002913	0.002540	0.002811	0.002615	0.003259
434.000000	0.002256	0.002684	0.003167	0.002919	0.002542	0.002829	0.002615	0.003264
435.000000	0.002264	0.002703	0.003185	0.002937	0.002552	0.002839	0.002629	0.003280
436.000000	0.002279	0.002721	0.003199	0.002958	0.002567	0.002857	0.002647	0.003296
437.000000	0.002304	0.002742	0.003215	0.002977	0.002585	0.002890	0.002660	0.003308
438.000000	0.002318	0.002774	0.003247	0.003004	0.002610	0.002911	0.002683	0.003327
439.000000	0.002330	0.002804	0.003282	0.003033	0.002633	0.002933	0.002704	0.003338
440.000000	0.002349	0.002830	0.003315	0.003065	0.002652	0.002961	0.002724	0.003344
441.000000	0.002377	0.002863	0.003354	0.003110	0.002675	0.002986	0.002752	0.003374
442.000000	0.002408	0.002901	0.003388	0.003144	0.002707	0.003013	0.002780	0.003399
443.000000	0.002438	0.002940	0.003422	0.003172	0.002744	0.003046	0.002810	0.003420
444.000000	0.002465	0.002970	0.003464	0.003212	0.002780	0.003084	0.002843	0.003450
445.000000	0.002497	0.003008	0.003511	0.003259	0.002806	0.003117	0.002879	0.003472
446.000000	0.002531	0.003050	0.003558	0.003310	0.002837	0.003154	0.002916	0.003495
447.000000	0.002564	0.003090	0.003602	0.003363	0.002882	0.003202	0.002954	0.003524
448.000000	0.002598	0.003132	0.003661	0.003428	0.002924	0.003241	0.002996	0.003560
449.000000	0.002639	0.003173	0.003716	0.003489	0.002964	0.003277	0.003037	0.003590
450.000000	0.002682	0.003212	0.003760	0.003541	0.003008	0.003315	0.003079	0.003612
451.000000	0.002715	0.003256	0.003813	0.003602	0.003053	0.003353	0.003125	0.003631
452.000000	0.002751	0.003299	0.003869	0.003656	0.003100	0.003394	0.003170	0.003659
453.000000	0.002788	0.003344	0.003924	0.003705	0.003144	0.003440	0.003212	0.003697
454.000000	0.002821	0.003393	0.003972	0.003763	0.003182	0.003490	0.003256	0.003738
455.000000	0.002856	0.003434	0.004025	0.003821	0.003222	0.003519	0.003296	0.003754
456.000000	0.002891	0.003469	0.004079	0.003876	0.003261	0.003546	0.003331	0.003766
457.000000	0.002927	0.003500	0.004121	0.003924	0.003297	0.003594	0.003364	0.003804
458.000000	0.002969	0.003539	0.004163	0.003968	0.003333	0.003629	0.003401	0.003837
459.000000	0.003006	0.003581	0.004207	0.004008	0.003368	0.003656	0.003439	0.003861
460.000000	0.003030	0.003625	0.004255	0.004047	0.003400	0.003684	0.003476	0.003881
461.000000	0.003055	0.003667	0.004301	0.004096	0.003431	0.003719	0.003511	0.003916
462.000000	0.003079	0.003701	0.004344	0.004143	0.003465	0.003754	0.003541	0.003942
463.000000	0.003104	0.003730	0.004384	0.004184	0.003499	0.003790	0.003570	0.003958
464.000000	0.003140	0.003773	0.004426	0.004224	0.003530	0.003837	0.003612	0.003992
465.000000	0.003172	0.003813	0.004471	0.004277	0.003567	0.003873	0.003647	0.004014
466.000000	0.003200	0.003856	0.004519	0.004337	0.003607	0.003902	0.003678	0.004031
467.000000	0.003226	0.003917	0.004563	0.004387	0.003642	0.003939	0.003715	0.004065
468.000000	0.003273	0.003953	0.004603	0.004420	0.003678	0.003973	0.003750	0.004106
469.000000	0.003320	0.003983	0.004647	0.004457	0.003718	0.004010	0.003786	0.004138
470.000000	0.003345	0.004031	0.004701	0.004515	0.003761	0.004054	0.003822	0.004153
471.000000	0.003364	0.004073	0.004748	0.004572	0.003791	0.004091	0.003863	0.004190
472.000000	0.003389	0.004118	0.004799	0.004620	0.003827	0.004128	0.003900	0.004230
473.000000	0.003424	0.004165	0.004855	0.004656	0.003876	0.004167	0.003930	0.004260
474.000000	0.003457	0.004188	0.004891	0.004697	0.003913	0.004197	0.003969	0.004279
475.000000	0.003490	0.004235	0.004928	0.004750	0.003951	0.004233	0.004011	0.004309
476.000000	0.003524	0.004300	0.004972	0.004811	0.003989	0.004274	0.004051	0.004347
477.000000	0.003563	0.004334	0.005022	0.004858	0.004019	0.004307	0.004085	0.004368
478.000000	0.003596	0.004369	0.005070	0.004902	0.004055	0.004344	0.004119	0.004397
479.000000	0.003625	0.004410	0.005114	0.004946	0.004092	0.004386	0.004153	0.004428
480.000000	0.003653	0.004452	0.005153	0.004990	0.004126	0.004429	0.004183	0.004452
481.000000	0.003684	0.004495	0.005196	0.005024	0.004164	0.004461	0.004222	0.004480
482.000000	0.003718	0.004541	0.005241	0.005062	0.004199	0.004500	0.004260	0.004507
483.000000	0.003753	0.004595	0.005286	0.005116	0.004230	0.004555	0.004288	0.004532
484.000000	0.003778	0.004646	0.005338	0.005165	0.004260	0.004589	0.004324	0.004574
485.000000	0.003807	0.004692	0.005385	0.005217	0.004296	0.004621	0.004360	0.004603
486.000000	0.003844	0.004733	0.005424	0.005268	0.004335	0.004660	0.004393	0.004618
487.000000	0.003883	0.004770	0.005472	0.005292	0.004360	0.004698	0.004425	0.004667
488.000000	0.003914	0.004812	0.005518	0.005326	0.004387	0.004732	0.004453	0.004699
489.000000	0.003936	0.004856	0.005560	0.005372	0.004418	0.004760	0.004480	0.004715
490.000000	0.003955	0.004891	0.005600	0.005415	0.004447	0.004791	0.004515	0.004743
491.000000	0.003980	0.004920	0.005643	0.005450	0.004480	0.004832	0.004543	0.004762
492.000000	0.004011	0.004952	0.005686	0.005488	0.004513	0.004874	0.004570	0.004783
493.000000	0.004044	0.004994	0.005728	0.005539	0.004542	0.004902	0.004605	0.004822
494.000000	0.004079	0.005053	0.005779	0.005587	0.004580	0.004942	0.004642	0.004849
495.000000	0.004111	0.005104	0.005834	0.005632	0.004623	0.004981	0.004680	0.004879
496.000000	0.004138	0.005138	0.005890	0.005679	0.004668	0.005014	0.004722	0.004919
497.000000	0.004175	0.005191	0.005944	0.005738	0.004709	0.005061	0.004765	0.004946
498.000000	0.004217	0.005240	0.005999	0.005799	0.004755	0.005113	0.004810	0.004982
499.000000	0.004261	0.005282	0.006058	0.005862	0.004810	0.005165	0.004860	0.005028
500.000000	0.004312	0.005341	0.006131	0.005936	0.004862	0.005213	0.004916	0.005058
501.000000	0.004357	0.005403	0.006202	0.006009	0.004924	0.005260	0.004975	0.005095
502.000000	0.004399	0.005463	0.006268	0.006080	0.004991	0.005311	0.005033	0.005141
503.000000	0.004450	0.005516	0.006334	0.006157	0.005050	0.005373	0.005088	0.005184
504.000000	0.004503	0.005571	0.006404	0.006223	0.005105	0.005424	0.005148	0.005228
505.000000	0.004555	0.005636	0.006473	0.006294	0.005166	0.005468	0.005209	0.005272
506.000000	0.004602	0.005713	0.006536	0.006384	0.005240	0.005519	0.005266	0.005315
507.000000	0.004655	0.005770	0.006615	0.006465	0.005313	0.005577	0.005330	0.005360
508.000000	0.004708	0.005823	0.006695	0.006548	0.005386	0.005636	0.005398	0.005407
509.000000	0.004759	0.005885	0.006771	0.006644	0.005461	0.005694	0.005467	0.005454
510.000000	0.004812	0.005949	0.006857	0.006732	0.005537	0.005752	0.005534	0.005502
511.000000	0.004867	0.006017	0.006940	0.006821	0.005615	0.005812	0.005602	0.005548
512.000000	0.004926	0.006086	0.007018	0.006917	0.005696	0.005876	0.005675	0.005593
513.000000	0.004994	0.006148	0.007105	0.007017	0.005783	0.005952	0.005755	0.005646
514.000000	0.005056	0.006228	0.007204	0.007125	0.005878	0.006025	0.005836	0.005703
515.000000	0.005117	0.006317	0.007307	0.007238	0.005975	0.006095	0.005919	0.005763
516.000000	0.005195	0.006389	0.007402	0.007351	0.006063	0.006167	0.006010	0.005824
517.000000	0.005274	0.006477	0.007494	0.007473	0.006152	0.006237	0.006095	0.005882
518.000000	0.005346	0.006570	0.007588	0.007592	0.006246	0.006308	0.006178	0.005943
519.000000	0.005406	0.006646	0.007685	0.007689	0.006339	0.006383	0.006262	0.006012
520.000000	0.005464	0.006716	0.007774	0.007795	0.006426	0.006452	0.006336	0.006070
521.000000	0.005525	0.006783	0.007861	0.007902	0.006509	0.006521	0.006411	0.006120
522.000000	0.005591	0.006851	0.007951	0.008004	0.006592	0.006597	0.006491	0.006168
523.000000	0.005650	0.006940	0.008040	0.008119	0.006678	0.006667	0.006569	0.006214
524.000000	0.005714	0.007019	0.008134	0.008235	0.006766	0.006735	0.006651	0.006267
525.000000	0.005784	0.007085	0.008233	0.008347	0.006853	0.006804	0.006733	0.006327
526.000000	0.005855	0.007173	0.008329	0.008447	0.006941	0.006876	0.006807	0.006384
527.000000	0.005922	0.007254	0.008423	0.008555	0.007030	0.006948	0.006888	0.006439
528.000000	0.005984	0.007328	0.008515	0.008669	0.007116	0.007015	0.006973	0.006494
529.000000	0.006042	0.007405	0.008602	0.008778	0.007195	0.007075	0.007047	0.006551
530.000000	0.006095	0.007484	0.008691	0.008868	0.007276	0.007144	0.007119	0.006603
531.000000	0.006151	0.007556	0.008779	0.008955	0.007356	0.007215	0.007188	0.006651
532.000000	0.006214	0.007617	0.008864	0.009058	0.007431	0.007275	0.007256	0.006695
533.000000	0.006283	0.007697	0.008954	0.009165	0.007506	0.007342	0.007329	0.006746
534.000000	0.006346	0.007773	0.009043	0.009262	0.007581	0.007411	0.007401	0.006797
535.000000	0.006398	0.007833	0.009122	0.009346	0.007658	0.007473	0.007466	0.006845
536.000000	0.006451	0.007904	0.009197	0.009437	0.007731	0.007531	0.007530	0.006897
537.000000	0.006505	0.007977	0.009271	0.009528	0.007795	0.007592	0.007595	0.006950
538.000000	0.006559	0.008047	0.009347	0.009615	0.007852	0.007655	0.007660	0.007000
539.000000	0.006607	0.008112	0.009429	0.009696	0.007920	0.007702	0.007721	0.007035
540.000000	0.006657	0.008175	0.009502	0.009776	0.007981	0.007759	0.007778	0.007079
541.000000	0.006708	0.008239	0.009567	0.009853	0.008034	0.007822	0.007832	0.007131
542.000000	0.006758	0.008306	0.009636	0.009924	0.008086	0.007866	0.007884	0.007170
543.000000	0.006801	0.008365	0.009698	0.009990	0.008133	0.007913	0.007930	0.007211
544.000000	0.006836	0.008418	0.009753	0.010051	0.008176	0.007962	0.007973	0.007251
545.000000	0.006865	0.008470	0.009809	0.010109	0.008217	0.008005	0.008017	0.007284
546.000000	0.006901	0.008522	0.009862	0.010174	0.008257	0.008052	0.008055	0.007313
547.000000	0.006939	0.008575	0.009911	0.010230	0.008292	0.008096	0.008089	0.007346
548.000000	0.006974	0.008631	0.009955	0.010267	0.008322	0.008130	0.008123	0.007383
549.000000	0.007004	0.008679	0.010004	0.010310	0.008346	0.008168	0.008155	0.007409
550.000000	0.007032	0.008725	0.010046	0.010351	0.008369	0.008207	0.008183	0.007434
551.000000	0.007058	0.008771	0.010079	0.010388	0.008395	0.008240	0.008207	0.007465
552.000000	0.007088	0.008812	0.010119	0.010427	0.008414	0.008272	0.008230	0.007497
553.000000	0.007113	0.008859	0.010160	0.010460	0.008431	0.008308	0.008250	0.007530
554.000000	0.007132	0.008910	0.010196	0.010489	0.008446	0.008345	0.008268	0.007560
555.000000	0.007151	0.008957	0.010226	0.010527	0.008462	0.008374	0.008290	0.007586
556.000000	0.007171	0.008996	0.010259	0.010555	0.008469	0.008398	0.008308	0.007605
557.000000	0.007193	0.009033	0.010291	0.010572	0.008468	0.008422	0.008321	0.007624
558.000000	0.007215	0.009077	0.010316	0.010583	0.008473	0.008454	0.008328	0.007653
559.000000	0.007228	0.009110	0.010334	0.010597	0.008472	0.008472	0.008331	0.007674
560.000000	0.007235	0.009139	0.010348	0.010607	0.008466	0.008488	0.008331	0.007687
561.000000	0.007239	0.009168	0.010362	0.010607	0.008457	0.008513	0.008330	0.007694
562.000000	0.007237	0.009178	0.010370	0.010601	0.008446	0.008524	0.008328	0.007706
563.000000	0.007238	0.009187	0.010372	0.010594	0.008432	0.008530	0.008321	0.007716
564.000000	0.007242	0.009201	0.010366	0.010583	0.008413	0.008536	0.008306	0.007718
565.000000	0.007234	0.009206	0.010360	0.010558	0.008386	0.008548	0.008288	0.007719
566.000000	0.007218	0.009207	0.010348	0.010528	0.008355	0.008545	0.008265	0.007715
567.000000	0.007198	0.009206	0.010326	0.010495	0.008320	0.008527	0.008236	0.007707
568.000000	0.007179	0.009200	0.010288	0.010452	0.008278	0.008514	0.008197	0.007693
569.000000	0.007152	0.009182	0.010249	0.010397	0.008231	0.008495	0.008154	0.007675
570.000000	0.007118	0.009156	0.010210	0.010337	0.008180	0.008470	0.008109	0.007657
571.000000	0.007088	0.009135	0.010165	0.010281	0.008129	0.008444	0.008068	0.007643
572.000000	0.007056	0.009115	0.010130	0.010227	0.008086	0.008417	0.008028	0.007618
573.000000	0.007026	0.009093	0.010094	0.010170	0.008043	0.008387	0.007989	0.007588
574.000000	0.006999	0.009064	0.010046	0.010109	0.007992	0.008355	0.007948	0.007561
575.000000	0.006960	0.009022	0.009993	0.010045	0.007942	0.008326	0.007901	0.007527
576.000000	0.006918	0.008975	0.009938	0.009980	0.007888	0.008289	0.007849	0.007489
577.000000	0.006880	0.008927	0.009878	0.009914	0.007830	0.008240	0.007796	0.007450
578.000000	0.006831	0.008884	0.009817	0.009840	0.007776	0.008192	0.007740	0.007407
579.000000	0.006775	0.008827	0.009750	0.009759	0.007712	0.008142	0.007682	0.007359
580.000000	0.006715	0.008756	0.009674	0.009675	0.007638	0.008089	0.007620	0.007308
581.000000	0.006654	0.008699	0.009587	0.009593	0.007566	0.008034	0.007550	0.007267
582.000000	0.006591	0.008626	0.009499	0.009504	0.007495	0.007970	0.007477	0.007221
583.000000	0.006528	0.008541	0.009408	0.009412	0.007422	0.007901	0.007403	0.007169
584.000000	0.006466	0.008465	0.009312	0.009326	0.007338	0.007835	0.007329	0.007113
585.000000	0.006402	0.008381	0.009220	0.009231	0.007252	0.007766	0.007253	0.007046
586.000000	0.006335	0.008297	0.009127	0.009124	0.007167	0.007692	0.007173	0.006978
587.000000	0.006263	0.008228	0.009025	0.009011	0.007088	0.007610	0.007086	0.006919
588.000000	0.006189	0.008129	0.008917	0.008904	0.007000	0.007523	0.007004	0.006845
589.000000	0.006113	0.008020	0.008805	0.008780	0.006909	0.007427	0.006920	0.006760
590.000000	0.006035	0.007923	0.008692	0.008629	0.006819	0.007325	0.006829	0.006672
591.000000	0.005960	0.007830	0.008585	0.008516	0.006731	0.007235	0.006740	0.006589
592.000000	0.005875	0.007728	0.008474	0.008409	0.006641	0.007148	0.006648	0.006510
593.000000	0.005777	0.007610	0.008352	0.008287	0.006543	0.007055	0.006549	0.006429
594.000000	0.005685	0.007495	0.008223	0.008161	0.006441	0.006937	0.006446	0.006333
595.000000	0.005578	0.007362	0.008071	0.008017	0.006319	0.006818	0.006331	0.006227
596.000000	0.005458	0.007213	0.007904	0.007859	0.006187	0.006699	0.006206	0.006115
597.000000	0.005348	0.007063	0.007752	0.007709	0.006070	0.006566	0.006079	0.006002
598.000000	0.005236	0.006905	0.007595	0.007548	0.005944	0.006432	0.005949	0.005885
599.000000	0.005123	0.006753	0.007436	0.007393	0.005813	0.006302	0.005822	0.005767
600.000000	0.005013	0.006626	0.007290	0.007269	0.005695	0.006180	0.005709	0.005655
601.000000	0.004914	0.006502	0.007154	0.007136	0.005589	0.006067	0.005602	0.005559
602.000000	0.004834	0.006395	0.007037	0.007017	0.005496	0.005974	0.005511	0.005482
603.000000	0.004776	0.006322	0.006947	0.006934	0.005422	0.005905	0.005441	0.005422
604.000000	0.004721	0.006259	0.006870	0.006865	0.005364	0.005848	0.005380	0.005374
605.000000	0.004677	0.006207	0.006810	0.006804	0.005318	0.005799	0.005333	0.005327
606.000000	0.004647	0.006166	0.006764	0.006747	0.005276	0.005753	0.005298	0.005280
607.000000	0.004612	0.006130	0.006718	0.006687	0.005235	0.005713	0.005258	0.005254
608.000000	0.004577	0.006101	0.006666	0.006626	0.005191	0.005676	0.005218	0.005226
609.000000	0.004545	0.006073	0.006611	0.006566	0.005143	0.005639	0.005180	0.005191
610.000000	0.004517	0.006020	0.006571	0.006518	0.005104	0.005599	0.005144	0.005164
611.000000	0.004490	0.005980	0.006530	0.006469	0.005070	0.005565	0.005111	0.005131
612.000000	0.004462	0.005953	0.006486	0.006422	0.005036	0.005537	0.005079	0.005096
613.000000	0.004433	0.005920	0.006444	0.006380	0.004993	0.005513	0.005044	0.005067
614.000000	0.004405	0.005885	0.006403	0.006334	0.004952	0.005484	0.005005	0.005040
615.000000	0.004376	0.005851	0.006361	0.006289	0.004916	0.005451	0.004968	0.005012
616.000000	0.004346	0.005819	0.006318	0.006254	0.004887	0.005416	0.004938	0.004982
617.000000	0.004313	0.005798	0.006285	0.006208	0.004855	0.005388	0.004905	0.004956
618.000000	0.004287	0.005774	0.006253	0.006167	0.004824	0.005364	0.004874	0.004935
619.000000	0.004274	0.005740	0.006220	0.006141	0.004800	0.005340	0.004849	0.004917
620.000000	0.004253	0.005714	0.006198	0.006119	0.004778	0.005312	0.004831	0.004887
621.000000	0.004229	0.005696	0.006171	0.006098	0.004758	0.005287	0.004814	0.004862
622.000000	0.004210	0.005682	0.006137	0.006074	0.004740	0.005268	0.004797	0.004846
623.000000	0.004198	0.005666	0.006110	0.006041	0.004722	0.005247	0.004778	0.004836
624.000000	0.004193	0.005642	0.006095	0.006028	0.004711	0.005229	0.004762	0.004821
625.000000	0.004188	0.005619	0.006090	0.006030	0.004705	0.005217	0.004748	0.004805
626.000000	0.004171	0.005620	0.006083	0.006014	0.004693	0.005208	0.004736	0.004802
627.000000	0.004163	0.005603	0.006070	0.006013	0.004688	0.005196	0.004731	0.004789
628.000000	0.004163	0.005580	0.006060	0.006016	0.004687	0.005185	0.004732	0.004771
629.000000	0.004163	0.005578	0.006061	0.006004	0.004688	0.005180	0.004732	0.004763
630.000000	0.004154	0.005580	0.006065	0.006018	0.004688	0.005173	0.004729	0.004763
631.000000	0.004152	0.005587	0.006068	0.006031	0.004692	0.005170	0.004728	0.004765
632.000000	0.004165	0.005602	0.006069	0.006025	0.004704	0.005173	0.004731	0.004764
633.000000	0.004176	0.005602	0.006080	0.006044	0.004715	0.005181	0.004746	0.004758
634.000000	0.004180	0.005602	0.006090	0.006079	0.004728	0.005187	0.004762	0.004757
635.000000	0.004179	0.005608	0.006100	0.006117	0.004744	0.005189	0.004774	0.004763
636.000000	0.004195	0.005623	0.006119	0.006135	0.004765	0.005195	0.004796	0.004767
637.000000	0.004213	0.005635	0.006141	0.006159	0.004789	0.005205	0.004816	0.004773
638.000000	0.004229	0.005648	0.006162	0.006192	0.004813	0.005218	0.004833	0.004780
639.000000	0.004249	0.005680	0.006177	0.006218	0.004831	0.005225	0.004850	0.004786
640.000000	0.004270	0.005687	0.006200	0.006256	0.004858	0.005234	0.004868	0.004792
641.000000	0.004286	0.005687	0.006225	0.006292	0.004887	0.005248	0.004886	0.004801
642.000000	0.004288	0.005715	0.006241	0.006304	0.004905	0.005265	0.004904	0.004812
643.000000	0.004301	0.005715	0.006261	0.006336	0.004928	0.005272	0.004925	0.004818
644.000000	0.004315	0.005713	0.006280	0.006371	0.004950	0.005277	0.004946	0.004822
645.000000	0.004321	0.005740	0.006292	0.006389	0.004965	0.005290	0.004961	0.004825
646.000000	0.004333	0.005746	0.006312	0.006418	0.004985	0.005297	0.004971	0.004822
647.000000	0.004349	0.005749	0.006322	0.006444	0.005002	0.005299	0.004978	0.004823
648.000000	0.004360	0.005757	0.006316	0.006455	0.005013	0.005298	0.004984	0.004833
649.000000	0.004352	0.005742	0.006324	0.006456	0.005014	0.005294	0.004991	0.004826
650.000000	0.004343	0.005740	0.006321	0.006462	0.005008	0.005281	0.004993	0.004814
651.000000	0.004336	0.005743	0.006303	0.006469	0.004997	0.005262	0.004986	0.004801
652.000000	0.004316	0.005704	0.006286	0.006453	0.004985	0.005246	0.004959	0.004782
653.000000	0.004297	0.005673	0.006254	0.006437	0.004961	0.005221	0.004931	0.004757
654.000000	0.004277	0.005647	0.006210	0.006408	0.004926	0.005182	0.004903	0.004725
655.000000	0.004242	0.005604	0.006163	0.006340	0.004888	0.005130	0.004867	0.004688
656.000000	0.004190	0.005543	0.006093	0.006276	0.004829	0.005073	0.004805	0.004635
657.000000	0.004130	0.005468	0.006008	0.006205	0.004753	0.005007	0.004729	0.004572
658.000000	0.004071	0.005389	0.005923	0.006112	0.004675	0.004931	0.004659	0.004510
659.000000	0.004017	0.005323	0.005836	0.006011	0.004595	0.004858	0.004580	0.004440
660.000000	0.003960	0.005262	0.005751	0.005911	0.004517	0.004794	0.004503	0.004381
661.000000	0.003896	0.005199	0.005670	0.005818	0.004440	0.004738	0.004432	0.004340
662.000000	0.003843	0.005141	0.005588	0.005737	0.004359	0.004679	0.004370	0.004300
663.000000	0.003791	0.005087	0.005514	0.005647	0.004285	0.004625	0.004307	0.004259
664.000000	0.003739	0.005035	0.005448	0.005545	0.004217	0.004574	0.004241	0.004218
665.000000	0.003688	0.004983	0.005379	0.005454	0.004141	0.004516	0.004175	0.004177
666.000000	0.003637	0.004932	0.005307	0.005361	0.004067	0.004469	0.004113	0.004129
667.000000	0.003588	0.004889	0.005239	0.005274	0.004000	0.004433	0.004057	0.004085
668.000000	0.003552	0.004861	0.005185	0.005205	0.003944	0.004395	0.004004	0.004062
669.000000	0.003515	0.004817	0.005129	0.005139	0.003888	0.004361	0.003957	0.004040
670.000000	0.003482	0.004774	0.005080	0.005075	0.003841	0.004329	0.003915	0.004017
671.000000	0.003458	0.004751	0.005049	0.005019	0.003813	0.004297	0.003879	0.003995
672.000000	0.003422	0.004726	0.005007	0.004982	0.003779	0.004274	0.003847	0.003967
673.000000	0.003398	0.004699	0.004969	0.004949	0.003747	0.004253	0.003820	0.003946
674.000000	0.003394	0.004676	0.004944	0.004909	0.003724	0.004230	0.003799	0.003938
675.000000	0.003374	0.004674	0.004923	0.004870	0.003707	0.004210	0.003790	0.003926
676.000000	0.003359	0.004660	0.004900	0.004851	0.003695	0.004195	0.003775	0.003915
677.000000	0.003354	0.004631	0.004878	0.004848	0.003688	0.004188	0.003756	0.003908
678.000000	0.003341	0.004622	0.004876	0.004837	0.003687	0.004183	0.003761	0.003895
679.000000	0.003337	0.004626	0.004871	0.004836	0.003695	0.004182	0.003764	0.003887
680.000000	0.003341	0.004638	0.004866	0.004846	0.003710	0.004183	0.003765	0.003886
681.000000	0.003347	0.004646	0.004876	0.004864	0.003729	0.004185	0.003781	0.003893
682.000000	0.003362	0.004643	0.004900	0.004900	0.003767	0.004191	0.003806	0.003895
683.000000	0.003385	0.004650	0.004938	0.004954	0.003816	0.004205	0.003841	0.003901
684.000000	0.003414	0.004684	0.004986	0.005022	0.003866	0.004234	0.003888	0.003923
685.000000	0.003449	0.004715	0.005041	0.005102	0.003943	0.004264	0.003954	0.003948
686.000000	0.003504	0.004749	0.005108	0.005201	0.004035	0.004304	0.004032	0.003978
687.000000	0.003577	0.004789	0.005186	0.005325	0.004129	0.004358	0.004114	0.004013
688.000000	0.003620	0.004832	0.005255	0.005462	0.004222	0.004395	0.004188	0.004034
689.000000	0.003647	0.004845	0.005314	0.005559	0.004298	0.004411	0.004248	0.004034
690.000000	0.003672	0.004831	0.005363	0.005618	0.004355	0.004413	0.004296	0.004023
691.000000	0.003700	0.004831	0.005412	0.005708	0.004427	0.004421	0.004353	0.004030
692.000000	0.003732	0.004830	0.005452	0.005791	0.004493	0.004429	0.004406	0.004028
693.000000	0.003765	0.004822	0.005487	0.005866	0.004551	0.004433	0.004455	0.004019
694.000000	0.003791	0.004800	0.005526	0.005943	0.004610	0.004427	0.004501	0.004016
695.000000	0.003807	0.004778	0.005546	0.005999	0.004660	0.004413	0.004534	0.004000
696.000000	0.003809	0.004753	0.005554	0.006039	0.004696	0.004393	0.004553	0.003975
697.000000	0.003797	0.004722	0.005561	0.006072	0.004715	0.004366	0.004557	0.003948
698.000000	0.003786	0.004688	0.005541	0.006076	0.004725	0.004336	0.004563	0.003912
699.000000	0.003766	0.004645	0.005510	0.006066	0.004722	0.004300	0.004557	0.003874
700.000000	0.003733	0.004588	0.005477	0.006050	0.004706	0.004253	0.004533	0.003835
701.000000	0.003696	0.004520	0.005429	0.006014	0.004675	0.004193	0.004503	0.003773
702.000000	0.003657	0.004443	0.005367	0.005966	0.004635	0.004135	0.004460	0.003716
703.000000	0.003616	0.004362	0.005298	0.005908	0.004589	0.004077	0.004406	0.003667
704.000000	0.003563	0.004289	0.005224	0.005833	0.004527	0.004000	0.004349	0.003606
705.000000	0.003501	0.004220	0.005148	0.005752	0.004463	0.003921	0.004287	0.003538
706.000000	0.003434	0.004143	0.005067	0.005667	0.004396	0.003848	0.004220	0.003466
707.000000	0.003370	0.004046	0.004976	0.005579	0.004319	0.003778	0.004150	0.003394
708.000000	0.003311	0.003956	0.004879	0.005467	0.004237	0.003694	0.004069	0.003322
709.000000	0.003244	0.003862	0.004775	0.005352	0.004147	0.003602	0.003980	0.003245
710.000000	0.003161	0.003754	0.004663	0.005254	0.004049	0.003511	0.003889	0.003162
711.000000	0.003076	0.003660	0.004547	0.005127	0.003946	0.003418	0.003800	0.003081
712.000000	0.002996	0.003555	0.004431	0.004987	0.003841	0.003321	0.003706	0.002996
713.000000	0.002923	0.003435	0.004314	0.004850	0.003737	0.003223	0.003606	0.002908
714.000000	0.002833	0.003343	0.004194	0.004731	0.003633	0.003125	0.003516	0.002825
715.000000	0.002743	0.003234	0.004083	0.004604	0.003527	0.003028	0.003421	0.002744
716.000000	0.002661	0.003103	0.003976	0.004464	0.003419	0.002935	0.003323	0.002664
717.000000	0.002604	0.002997	0.003858	0.004333	0.003320	0.002857	0.003241	0.002594
718.000000	0.002542	0.002902	0.003740	0.004216	0.003218	0.002767	0.003150	0.002515
719.000000	0.002462	0.002804	0.003626	0.004100	0.003107	0.002668	0.003046	0.002428
720.000000	0.002364	0.002690	0.003516	0.003968	0.002990	0.002580	0.002940	0.002344
721.000000	0.002274	0.002599	0.003408	0.003819	0.002886	0.002488	0.002842	0.002260
722.000000	0.002203	0.002520	0.003309	0.003689	0.002793	0.002405	0.002758	0.002184
723.000000	0.002145	0.002435	0.003218	0.003584	0.002698	0.002333	0.002684	0.002118
724.000000	0.002077	0.002351	0.003123	0.003465	0.002608	0.002260	0.002606	0.002055
725.000000	0.002004	0.002270	0.003026	0.003341	0.002516	0.002184	0.002524	0.001991
726.000000	0.001934	0.002195	0.002932	0.003227	0.002423	0.002106	0.002441	0.001923
727.000000	0.001865	0.002122	0.002829	0.003116	0.002321	0.002020	0.002356	0.001845
728.000000	0.001802	0.002040	0.002726	0.003004	0.002226	0.001939	0.002274	0.001774
729.000000	0.001736	0.001948	0.002624	0.002884	0.002133	0.001860	0.002191	0.001709
730.000000	0.001654	0.001855	0.002516	0.002745	0.002019	0.001776	0.002100	0.001632
731.000000	0.001579	0.001762	0.002412	0.002625	0.001916	0.001694	0.002002	0.001562
732.000000	0.001513	0.001680	0.002319	0.002523	0.001831	0.001623	0.001914	0.001500
733.000000	0.001453	0.001621	0.002242	0.002426	0.001762	0.001568	0.001847	0.001441
734.000000	0.001397	0.001567	0.002169	0.002356	0.001692	0.001520	0.001792	0.001406
735.000000	0.001351	0.001525	0.002109	0.002294	0.001635	0.001478	0.001746	0.001371
736.000000	0.001322	0.001498	0.002070	0.002231	0.001595	0.001445	0.001708	0.001329
737.000000	0.001302	0.001471	0.002037	0.002190	0.001554	0.001418	0.001673	0.001314
738.000000	0.001276	0.001451	0.002003	0.002154	0.001523	0.001395	0.001647	0.001304
739.000000	0.001247	0.001434	0.001971	0.002121	0.001503	0.001377	0.001631	0.001288
740.000000	0.001241	0.001406	0.001954	0.002114	0.001491	0.001372	0.001617	0.001278
741.000000	0.001234	0.001390	0.001940	0.002098	0.001479	0.001360	0.001609	0.001262
742.000000	0.001223	0.001382	0.001926	0.002080	0.001468	0.001344	0.001601	0.001247
743.000000	0.001213	0.001368	0.001914	0.002080	0.001461	0.001337	0.001588	0.001245
744.000000	0.001210	0.001366	0.001909	0.002071	0.001452	0.001333	0.001582	0.001242
745.000000	0.001211	0.001368	0.001907	0.002053	0.001443	0.001327	0.001577	0.001235
746.000000	0.001210	0.001363	0.001901	0.002033	0.001432	0.001318	0.001567	0.001227
747.000000	0.001196	0.001351	0.001890	0.002020	0.001430	0.001319	0.001562	0.001219
748.000000	0.001186	0.001345	0.001880	0.002011	0.001428	0.001318	0.001559	0.001218
749.000000	0.001185	0.001344	0.001875	0.002005	0.001422	0.001309	0.001555	0.001221
750.000000	0.001188	0.001329	0.001874	0.002003	0.001410	0.001300	0.001548	0.001211
751.000000	0.001183	0.001332	0.001870	0.002003	0.001405	0.001291	0.001540	0.001209
752.000000	0.001172	0.001344	0.001862	0.002000	0.001405	0.001286	0.001536	0.001213
753.000000	0.001164	0.001326	0.001856	0.001986	0.001394	0.001289	0.001534	0.001203
754.000000	0.001162	0.001316	0.001849	0.001965	0.001391	0.001288	0.001527	0.001195
755.000000	0.001162	0.001319	0.001844	0.001950	0.001392	0.001284	0.001522	0.001186
756.000000	0.001159	0.001327	0.001843	0.001955	0.001389	0.001283	0.001524	0.001173
757.000000	0.001153	0.001313	0.001839	0.001949	0.001379	0.001269	0.001516	0.001174
758.000000	0.001147	0.001293	0.001838	0.001943	0.001380	0.001256	0.001512	0.001182
759.000000	0.001144	0.001282	0.001846	0.001952	0.001404	0.001256	0.001523	0.001190
760.000000	0.001183	0.001305	0.001866	0.001981	0.001406	0.001304	0.001556	0.001189
761.000000	0.001221	0.001347	0.001894	0.002021	0.001401	0.001346	0.001585	0.001204
762.000000	0.001210	0.001345	0.001901	0.002019	0.001399	0.001317	0.001575	0.001221
763.000000	0.001207	0.001302	0.001878	0.001969	0.001392	0.001288	0.001552	0.001194
764.000000	0.001184	0.001291	0.001847	0.001962	0.001382	0.001271	0.001538	0.001193
765.000000	0.001161	0.001303	0.001828	0.001962	0.001374	0.001261	0.001525	0.001199
766.000000	0.001155	0.001310	0.001827	0.001934	0.001369	0.001250	0.001506	0.001182
767.000000	0.001143	0.001276	0.001821	0.001923	0.001360	0.001244	0.001498	0.001162
768.000000	0.001135	0.001259	0.001814	0.001912	0.001352	0.001236	0.001496	0.001153
769.000000	0.001135	0.001279	0.001810	0.001893	0.001351	0.001228	0.001492	0.001157
770.000000	0.001122	0.001276	0.001808	0.001885	0.001353	0.001240	0.001489	0.001148
771.000000	0.001118	0.001278	0.001806	0.001886	0.001354	0.001243	0.001487	0.001144
772.000000	0.001125	0.001289	0.001803	0.001893	0.001351	0.001232	0.001484	0.001149
773.000000	0.001125	0.001300	0.001801	0.001903	0.001352	0.001229	0.001482	0.001152
774.000000	0.001128	0.001290	0.001802	0.001903	0.001351	0.001233	0.001488	0.001152
775.000000	0.001130	0.001271	0.001804	0.001898	0.001351	0.001239	0.001497	0.001150
776.000000	0.001125	0.001269	0.001808	0.001902	0.001363	0.001241	0.001493	0.001149
777.000000	0.001126	0.001277	0.001811	0.001904	0.001364	0.001234	0.001490	0.001159
778.000000	0.001133	0.001287	0.001816	0.001909	0.001363	0.001231	0.001494	0.001167
779.000000	0.001140	0.001293	0.001822	0.001919	0.001366	0.001241	0.001504	0.001163
780.000000	0.001136	0.001292	0.001819	0.001918	0.001365	0.001244	0.001505	0.001166
781.000000	0.001142	0.001292	0.001824	0.001924	0.001370	0.001252	0.001509	0.001176
782.000000	0.001157	0.001293	0.001838	0.001936	0.001383	0.001265	0.001517	0.001186
783.000000	0.001152	0.001294	0.001842	0.001932	0.001397	0.001262	0.001523	0.001176
784.000000	0.001153	0.001302	0.001853	0.001939	0.001407	0.001263	0.001524	0.001174
785.000000	0.001160	0.001311	0.001867	0.001955	0.001410	0.001268	0.001526	0.001184
786.000000	0.001162	0.001314	0.001871	0.001962	0.001405	0.001268	0.001536	0.001197
787.000000	0.001164	0.001316	0.001873	0.001967	0.001414	0.001267	0.001547	0.001198
788.000000	0.001174	0.001321	0.001877	0.001974	0.001426	0.001271	0.001555	0.001197
789.000000	0.001194	0.001330	0.001887	0.001982	0.001430	0.001284	0.001559	0.001201
790.000000	0.001202	0.001334	0.001896	0.001987	0.001435	0.001296	0.001564	0.001201
791.000000	0.001203	0.001347	0.001908	0.001993	0.001446	0.001301	0.001577	0.001206
792.000000	0.001204	0.001368	0.001923	0.002004	0.001461	0.001303	0.001595	0.001219
793.000000	0.001214	0.001372	0.001939	0.002021	0.001467	0.001311	0.001595	0.001231
794.000000	0.001220	0.001381	0.001948	0.002044	0.001478	0.001312	0.001599	0.001236
795.000000	0.001224	0.001388	0.001953	0.002058	0.001496	0.001313	0.001611	0.001233
796.000000	0.001234	0.001384	0.001960	0.002045	0.001511	0.001325	0.001624	0.001233
797.000000	0.001244	0.001388	0.001964	0.002056	0.001520	0.001335	0.001631	0.001245
798.000000	0.001250	0.001397	0.001968	0.002076	0.001525	0.001336	0.001635	0.001259
799.000000	0.001251	0.001406	0.001974	0.002087	0.001529	0.001330	0.001641	0.001263
800.000000	0.001251	0.001407	0.001990	0.002092	0.001532	0.001346	0.001651	0.001257
801.000000	0.001258	0.001412	0.002006	0.002105	0.001540	0.001359	0.001656	0.001261
802.000000	0.001267	0.001425	0.002016	0.002124	0.001554	0.001358	0.001656	0.001273
803.000000	0.001263	0.001445	0.002008	0.002129	0.001570	0.001351	0.001668	0.001272
804.000000	0.001269	0.001441	0.002020	0.002132	0.001572	0.001355	0.001670	0.001274
805.000000	0.001280	0.001431	0.002034	0.002133	0.001567	0.001363	0.001665	0.001279
806.000000	0.001280	0.001447	0.002015	0.002130	0.001570	0.001358	0.001671	0.001285
807.000000	0.001287	0.001445	0.002024	0.002137	0.001570	0.001354	0.001674	0.001284
808.000000	0.001290	0.001437	0.002035	0.002144	0.001573	0.001358	0.001672	0.001278
809.000000	0.001282	0.001432	0.002025	0.002140	0.001584	0.001369	0.001666	0.001272
810.000000	0.001271	0.001419	0.002002	0.002117	0.001578	0.001358	0.001667	0.001278
811.000000	0.001266	0.001411	0.001994	0.002108	0.001564	0.001347	0.001659	0.001273
812.000000	0.001271	0.001411	0.002000	0.002114	0.001550	0.001344	0.001646	0.001257
813.000000	0.001277	0.001406	0.001992	0.002105	0.001540	0.001338	0.001655	0.001256
814.000000	0.001273	0.001394	0.001970	0.002101	0.001534	0.001340	0.001654	0.001244
815.000000	0.001261	0.001377	0.001951	0.002092	0.001518	0.001336	0.001645	0.001225
816.000000	0.001249	0.001359	0.001952	0.002059	0.001484	0.001309	0.001636	0.001214
817.000000	0.001240	0.001378	0.001946	0.002023	0.001474	0.001306	0.001623	0.001212
818.000000	0.001233	0.001375	0.001924	0.002005	0.001465	0.001292	0.001607	0.001218
819.000000	0.001223	0.001329	0.001891	0.002001	0.001444	0.001254	0.001590	0.001221
820.000000	0.001199	0.001313	0.001864	0.001957	0.001440	0.001242	0.001571	0.001197
821.000000	0.001183	0.001308	0.001846	0.001942	0.001422	0.001238	0.001547	0.001187
822.000000	0.001172	0.001296	0.001829	0.001941	0.001386	0.001228	0.001520	0.001180
823.000000	0.001146	0.001260	0.001797	0.001883	0.001348	0.001201	0.001500	0.001135
824.000000	0.001115	0.001225	0.001755	0.001829	0.001311	0.001172	0.001460	0.001105
825.000000	0.001083	0.001201	0.001715	0.001788	0.001273	0.001146	0.001419	0.001082
826.000000	0.001048	0.001180	0.001680	0.001745	0.001230	0.001119	0.001392	0.001047
827.000000	0.001029	0.001152	0.001629	0.001704	0.001199	0.001089	0.001354	0.001036
828.000000	0.001007	0.001115	0.001573	0.001649	0.001152	0.001049	0.001313	0.001019
829.000000	0.000973	0.001065	0.001523	0.001583	0.001090	0.001008	0.001274	0.000983
830.000000	0.000921	0.000998	0.001487	0.001532	0.001057	0.000998	0.001229	0.000951
831.000000	0.000897	0.000979	0.001451	0.001496	0.001022	0.000971	0.001197	0.000930
832.000000	0.000891	0.000981	0.001420	0.001470	0.000987	0.000936	0.001170	0.000909
833.000000	0.000869	0.000946	0.001405	0.001445	0.000970	0.000926	0.001135	0.000871
834.000000	0.000859	0.000936	0.001393	0.001411	0.000948	0.000902	0.001127	0.000842
835.000000	0.000842	0.000936	0.001376	0.001383	0.000928	0.000881	0.001117	0.000842
836.000000	0.000810	0.000930	0.001353	0.001372	0.000916	0.000874	0.001091	0.000863
837.000000	0.000798	0.000926	0.001331	0.001359	0.000903	0.000863	0.001088	0.000835
838.000000	0.000807	0.000929	0.001324	0.001348	0.000895	0.000855	0.001076	0.000815
839.000000	0.000823	0.000926	0.001326	0.001340	0.000887	0.000853	0.001057	0.000819
840.000000	0.000818	0.000880	0.001312	0.001335	0.000866	0.000855	0.001059	0.000824
841.000000	0.000807	0.000872	0.001293	0.001320	0.000860	0.000848	0.001047	0.000825
842.000000	0.000792	0.000879	0.001272	0.001309	0.000859	0.000837	0.001034	0.000819
843.000000	0.000773	0.000861	0.001256	0.001312	0.000852	0.000831	0.001036	0.000803
844.000000	0.000769	0.000818	0.001261	0.001282	0.000855	0.000823	0.001018	0.000777
845.000000	0.000768	0.000817	0.001263	0.001265	0.000848	0.000821	0.001008	0.000780
846.000000	0.000765	0.000861	0.001251	0.001274	0.000824	0.000826	0.001012	0.000806
847.000000	0.000757	0.000852	0.001239	0.001273	0.000802	0.000821	0.001002	0.000788
848.000000	0.000738	0.000835	0.001237	0.001255	0.000798	0.000804	0.000995	0.000771
849.000000	0.000724	0.000822	0.001236	0.001237	0.000802	0.000792	0.000987	0.000765
850.000000	0.000738	0.000815	0.001221	0.001244	0.000795	0.000802	0.000968	0.000765
851.000000	0.000747	0.000813	0.001198	0.001233	0.000780	0.000789	0.000960	0.000765
852.000000	0.000738	0.000814	0.001188	0.001206	0.000770	0.000775	0.000954	0.000757
853.000000	0.000717	0.000815	0.001198	0.001176	0.000768	0.000778	0.000942	0.000745
854.000000	0.000735	0.000811	0.001195	0.001178	0.000759	0.000773	0.000943	0.000761
855.000000	0.000719	0.000785	0.001196	0.001187	0.000750	0.000784	0.000945	0.000757
856.000000	0.000688	0.000764	0.001196	0.001188	0.000746	0.000795	0.000942	0.000733
857.000000	0.000707	0.000790	0.001176	0.001172	0.000747	0.000773	0.000930	0.000724
858.000000	0.000705	0.000774	0.001182	0.001164	0.000754	0.000768	0.000933	0.000727
859.000000	0.000695	0.000756	0.001182	0.001164	0.000749	0.000758	0.000933	0.000723
860.000000	0.000695	0.000779	0.001151	0.001165	0.000725	0.000724	0.000915	0.000705
861.000000	0.000671	0.000781	0.001134	0.001144	0.000726	0.000730	0.000912	0.000719
862.000000	0.000653	0.000761	0.001133	0.001128	0.000723	0.000735	0.000910	0.000715
863.000000	0.000653	0.000733	0.001141	0.001127	0.000708	0.000727	0.000903	0.000689
864.000000	0.000672	0.000735	0.001143	0.001134	0.000701	0.000723	0.000891	0.000676
865.000000	0.000657	0.000745	0.001135	0.001124	0.000704	0.000716	0.000894	0.000698
866.000000	0.000641	0.000732	0.001124	0.001110	0.000703	0.000706	0.000895	0.000719
867.000000	0.000667	0.000687	0.001120	0.001110	0.000682	0.000697	0.000874	0.000698
868.000000	0.000667	0.000720	0.001098	0.001084	0.000682	0.000697	0.000868	0.000685
869.000000	0.000652	0.000742	0.001098	0.001076	0.000679	0.000685	0.000868	0.000664
870.000000	0.000638	0.000721	0.001118	0.001089	0.000664	0.000664	0.000868	0.000646
871.000000	0.000647	0.000706	0.001108	0.001066	0.000657	0.000674	0.000861	0.000686
872.000000	0.000659	0.000692	0.001085	0.001054	0.000658	0.000688	0.000854	0.000691
873.000000	0.000655	0.000675	0.001066	0.001047	0.000659	0.000690	0.000843	0.000668
874.000000	0.000625	0.000657	0.001063	0.001031	0.000650	0.000678	0.000827	0.000659
875.000000	0.000631	0.000672	0.001045	0.001059	0.000640	0.000678	0.000829	0.000649
876.000000	0.000624	0.000681	0.001043	0.001079	0.000631	0.000674	0.000831	0.000644
877.000000	0.000592	0.000672	0.001061	0.001057	0.000620	0.000661	0.000822	0.000646
878.000000	0.000610	0.000688	0.001042	0.001003	0.000598	0.000665	0.000810	0.000646
879.000000	0.000608	0.000695	0.001036	0.000990	0.000600	0.000663	0.000811	0.000636
880.000000	0.000594	0.000676	0.001033	0.001003	0.000611	0.000647	0.000809	0.000623
881.000000	0.000605	0.000630	0.001006	0.000996	0.000598	0.000623	0.000781	0.000621
882.000000	0.000608	0.000642	0.001002	0.000999	0.000595	0.000614	0.000775	0.000626
883.000000	0.000599	0.000658	0.001000	0.000982	0.000593	0.000609	0.000777	0.000632
884.000000	0.000582	0.000644	0.000990	0.000941	0.000584	0.000606	0.000775	0.000630
885.000000	0.000565	0.000620	0.000995	0.000943	0.000559	0.000626	0.000773	0.000601
886.000000	0.000571	0.000617	0.000979	0.000948	0.000544	0.000617	0.000773	0.000598
887.000000	0.000581	0.000619	0.000955	0.000938	0.000543	0.000595	0.000768	0.000600
888.000000	0.000560	0.000596	0.000958	0.000906	0.000548	0.000607	0.000753	0.000559
889.000000	0.000563	0.000607	0.000960	0.000891	0.000555	0.000589	0.000750	0.000555
890.000000	0.000568	0.000606	0.000959	0.000873	0.000551	0.000573	0.000746	0.000558
891.000000	0.000560	0.000573	0.000955	0.000849	0.000534	0.000578	0.000734	0.000550
892.000000	0.000570	0.000579	0.000950	0.000870	0.000523	0.000558	0.000728	0.000556
893.000000	0.000563	0.000606	0.000940	0.000864	0.000523	0.000553	0.000731	0.000557
894.000000	0.000546	0.000616	0.000933	0.000842	0.000520	0.000569	0.000727	0.000554
895.000000	0.000546	0.000559	0.000937	0.000863	0.000497	0.000591	0.000694	0.000560
896.000000	0.000529	0.000532	0.000925	0.000885	0.000496	0.000560	0.000708	0.000550
897.000000	0.000531	0.000532	0.000913	0.000883	0.000496	0.000525	0.000727	0.000549
898.000000	0.000564	0.000539	0.000908	0.000848	0.000482	0.000528	0.000715	0.000567
899.000000	0.000563	0.000535	0.000875	0.000805	0.000487	0.000551	0.000698	0.000566
900.000000	0.000534	0.000506	0.000883	0.000815	0.000486	0.000541	0.000679	0.000525
901.000000	0.000504	0.000486	0.000914	0.000855	0.000469	0.000522	0.000666	0.000501
902.000000	0.000509	0.000515	0.000915	0.000861	0.000438	0.000547	0.000668	0.000560
903.000000	0.000500	0.000497	0.000905	0.000824	0.000445	0.000523	0.000653	0.000566
904.000000	0.000501	0.000485	0.000885	0.000790	0.000449	0.000510	0.000658	0.000531
905.000000	0.000523	0.000499	0.000865	0.000782	0.000435	0.000526	0.000685	0.000489
906.000000	0.000530	0.000475	0.000891	0.000782	0.000462	0.000489	0.000656	0.000521
907.000000	0.000482	0.000468	0.000892	0.000762	0.000446	0.000478	0.000649	0.000523
908.000000	0.000439	0.000480	0.000860	0.000750	0.000423	0.000486	0.000656	0.000479
909.000000	0.000492	0.000483	0.000830	0.000792	0.000467	0.000475	0.000637	0.000425
910.000000	0.000510	0.000396	0.000874	0.000792	0.000449	0.000472	0.000637	0.000447
911.000000	0.000511	0.000396	0.000877	0.000789	0.000411	0.000476	0.000631	0.000471
912.000000	0.000510	0.000509	0.000816	0.000787	0.000392	0.000478	0.000614	0.000460
913.000000	0.000490	0.000475	0.000849	0.000690	0.000399	0.000465	0.000627	0.000460
914.000000	0.000437	0.000419	0.000847	0.000649	0.000366	0.000456	0.000624	0.000452
915.000000	0.000428	0.000390	0.000842	0.000664	0.000344	0.000455	0.000604	0.000433
916.000000	0.000515	0.000397	0.000891	0.000688	0.000391	0.000462	0.000582	0.000415
917.000000	0.000473	0.000366	0.000853	0.000735	0.000366	0.000480	0.000556	0.000446
918.000000	0.000420	0.000401	0.000807	0.000765	0.000341	0.000469	0.000551	0.000465
919.000000	0.000425	0.000484	0.000796	0.000742	0.000343	0.000438	0.000565	0.000454
920.000000	0.000468	0.000454	0.000816	0.000639	0.000335	0.000456	0.000564	0.000452
921.000000	0.000457	0.000398	0.000812	0.000657	0.000303	0.000455	0.000564	0.000435
922.000000	0.000432	0.000342	0.000772	0.000681	0.000287	0.000427	0.000553	0.000423
923.000000	0.000441	0.000309	0.000711	0.000586	0.000318	0.000387	0.000522	0.000431
924.000000	0.000441	0.000375	0.000724	0.000548	0.000324	0.000401	0.000511	0.000398
925.000000	0.000456	0.000404	0.000711	0.000559	0.000307	0.000397	0.000493	0.000337
926.000000	0.000471	0.000384	0.000678	0.000565	0.000280	0.000365	0.000472	0.000280
927.000000	0.000436	0.000432	0.000737	0.000474	0.000264	0.000362	0.000475	0.000274
928.000000	0.000392	0.000324	0.000781	0.000519	0.000216	0.000362	0.000469	0.000322
929.000000	0.000365	0.000170	0.000770	0.000583	0.000201	0.000304	0.000449	0.000362
930.000000	0.000371	0.000137	0.000708	0.000512	0.000263	0.000183	0.000418	0.000327
931.000000	0.000404	0.000161	0.000738	0.000515	0.000183	0.000338	0.000388	0.000221
932.000000	0.000341	0.000244	0.000723	0.000393	0.000079	0.000412	0.000343	0.000213
933.000000	0.000261	0.000333	0.000664	0.000298	0.000067	0.000309	0.000307	0.000330
934.000000	0.000401	0.000319	0.000692	0.000617	0.000203	0.000232	0.000326	0.000416
935.000000	0.000353	0.000182	0.000742	0.000493	0.000079	0.000260	0.000377	0.000313
936.000000	0.000372	0.000047	0.000730	0.000462	0.000019	0.000347	0.000373	0.000267
937.000000	0.000521	0.000034	0.000681	0.000662	0.000133	0.000382	0.000317	0.000329
938.000000	0.000530	0.000248	0.000750	0.000515	0.000155	0.000212	0.000320	0.000250
939.000000	0.000433	0.000130	0.000683	0.000555	0.000118	0.000084	0.000342	0.000219
940.000000	0.000355	0.000000	0.000612	0.000612	0.000096	0.000063	0.000366	0.000270
941.000000	0.000393	0.000000	0.000679	0.000465	0.000133	0.000136	0.000372	0.000365
942.000000	0.000426	0.000000	0.000687	0.000402	0.000079	0.000196	0.000343	0.000295
943.000000	0.000391	0.000064	0.000604	0.000410	0.000041	0.000278	0.000303	0.000262
944.000000	0.000337	0.000163	0.000499	0.000414	0.000043	0.000304	0.000268	0.000278
945.000000	0.000420	0.000043	0.000528	0.000297	0.000019	0.000110	0.000242	0.000167
946.000000	0.000421	0.000000	0.000428	0.000379	0.000000	0.000056	0.000275	0.000188
947.000000	0.000365	0.000003	0.000420	0.000441	0.000000	0.000089	0.000328	0.000289
948.000000	0.000332	0.000142	0.000587	0.000331	0.000059	0.000128	0.000346	0.000340
949.000000	0.000458	0.000210	0.000523	0.000246	0.000074	0.000233	0.000261	0.000140
950.000000	0.000296	0.000049	0.000460	0.000219	0.000029	0.000219	0.000189	0.000195
951.000000	0.000151	0.000000	0.000471	0.000224	0.000000	0.000150	0.000189	0.000391
952.000000	0.000441	0.000014	0.000550	0.000227	0.000049	0.000173	0.000263	0.000397
953.000000	0.000295	0.000037	0.000579	0.000369	0.000021	0.000272	0.000288	0.000250
954.000000	0.000262	0.000000	0.000529	0.000474	0.000000	0.000317	0.000220	0.000216
955.000000	0.000435	0.000000	0.000415	0.000438	0.000000	0.000315	0.000121	0.000295
956.000000	0.000354	0.000116	0.000293	0.000270	0.000000	0.000411	0.000150	0.000202
957.000000	0.000302	0.000174	0.000371	0.000282	0.000000	0.000308	0.000145	0.000239
958.000000	0.000340	0.000062	0.000516	0.000294	0.000000	0.000221	0.000147	0.000267
959.000000	0.000411	0.000000	0.000585	0.000180	0.000000	0.000281	0.000202	0.000182
960.000000	0.000270	0.000000	0.000612	0.000178	0.000000	0.000152	0.000269	0.000172
961.000000	0.000204	0.000012	0.000559	0.000324	0.000037	0.000159	0.000253	0.000270
962.000000	0.000270	0.000259	0.000477	0.000367	0.000030	0.000254	0.000205	0.000330
963.000000	0.000389	0.000210	0.000436	0.000102	0.000000	0.000268	0.000212	0.000204
964.000000	0.000358	0.000371	0.000392	0.000185	0.000000	0.000308	0.000199	0.000136
965.000000	0.000251	0.000420	0.000476	0.000352	0.000022	0.000266	0.000212	0.000258
966.000000	0.000193	0.000296	0.000593	0.000406	0.000044	0.000184	0.000262	0.000428
967.000000	0.000316	0.000204	0.000459	0.000282	0.000080	0.000233	0.000320	0.000288
968.000000	0.000356	0.000147	0.000471	0.000283	0.000058	0.000240	0.000291	0.000183
969.000000	0.000288	0.000137	0.000511	0.000301	0.000017	0.000238	0.000268	0.000194
970.000000	0.000181	0.000179	0.000476	0.000262	0.000000	0.000255	0.000297	0.000295
971.000000	0.000241	0.000306	0.000539	0.000374	0.000000	0.000212	0.000213	0.000344
972.000000	0.000227	0.000206	0.000487	0.000267	0.000000	0.000174	0.000219	0.000337
973.000000	0.000186	0.000051	0.000394	0.000095	0.000065	0.000164	0.000277	0.000304
974.000000	0.000245	0.000112	0.000416	0.000158	0.000023	0.000181	0.000270	0.000284
975.000000	0.000257	0.000002	0.000493	0.000283	0.000016	0.000209	0.000248	0.000232
976.000000	0.000324	0.000000	0.000525	0.000280	0.000049	0.000163	0.000245	0.000263
977.000000	0.000397	0.000005	0.000492	0.000199	0.000088	0.000111	0.000266	0.000326
978.000000	0.000319	0.000000	0.000452	0.000264	0.000087	0.000212	0.000284	0.000250
979.000000	0.000275	0.000150	0.000468	0.000250	0.000069	0.000149	0.000309	0.000258
980.000000	0.000220	0.000274	0.000409	0.000214	0.000047	0.000092	0.000291	0.000230
981.000000	0.000175	0.000166	0.000294	0.000220	0.000026	0.000155	0.000253	0.000162
982.000000	0.000324	0.000156	0.000409	0.000296	0.000000	0.000257	0.000332	0.000301
983.000000	0.000282	0.000192	0.000492	0.000215	0.000020	0.000263	0.000365	0.000240
984.000000	0.000222	0.000191	0.000501	0.000172	0.000044	0.000223	0.000334	0.000122
985.000000	0.000312	0.000109	0.000467	0.000340	0.000034	0.000209	0.000282	0.000149
986.000000	0.000242	0.000058	0.000441	0.000477	0.000074	0.000178	0.000294	0.000244
987.000000	0.000222	0.000035	0.000450	0.000462	0.000034	0.000254	0.000295	0.000312
988.000000	0.000289	0.000082	0.000435	0.000366	0.000000	0.000352	0.000301	0.000302
989.000000	0.000368	0.000200	0.000339	0.000333	0.000034	0.000316	0.000337	0.000232
990.000000	0.000269	0.000058	0.000417	0.000250	0.000068	0.000194	0.000241	0.000340
991.000000	0.000160	0.000064	0.000490	0.000158	0.000059	0.000159	0.000202	0.000392
992.000000	0.000128	0.000224	0.000470	0.000140	0.000042	0.000205	0.000233	0.000299
993.000000	0.000162	0.000169	0.000390	0.000271	0.000087	0.000173	0.000183	0.000149
994.000000	0.000252	0.000118	0.000396	0.000248	0.000072	0.000229	0.000219	0.000147
995.000000	0.000328	0.000206	0.000405	0.000248	0.000078	0.000202	0.000193	0.000245
996.000000	0.000360	0.000324	0.000399	0.000354	0.000085	0.000098	0.000083	0.000302
997.000000	0.000392	0.000037	0.000509	0.000404	0.000000	0.000249	0.000111	0.000132
998.000000	0.000255	0.000000	0.000538	0.000308	0.000000	0.000180	0.000154	0.000229
999.000000	0.000178	0.000000	0.000468	0.000295	0.000000	0.000139	0.000216	0.000350
