# Exported mask 'geometry' on 22-Jun-2016 17:56:00.000056
# Product name: S3A_OL_1_EFR____20160606T071536_20160606T071836_20160607T180921_0179_005_063_3419_LN1_O_NT_001
# Product file location: D:\Projects\GitHub\RoodBuoy16\Data\Sentinel3\S3A_OL_1_EFR____20160606T071536_20160606T071836_20160607T180921_0179_005_063_3419_LN1_O_NT_001.SEN3\xfdumanifest.xml

# Wavelength:				400.0	412.5	442.5	490.0	510.0	560.0	620.0	665.0	673.75	681.25	708.75	753.75	761.25	764.375	767.5	778.75	865.0	885.0	900.0	940.0	1020.0	0.0	0.0	0.0	0.0	0.0	0.0	0.0	0.0	0.0	0.0	0.0	0.0	0.0	0.0	0.0	0.0	0.0	0.0	0.0	0.0	0.0	0.0	0.0	0.0	0.0	0.0	0.0	0.0	0.0	0.0	0.0	0.0	0.0	0.0	0.0	0.0	0.0	0.0	0.0	0.0	0.0	0.0	0.0	0.0	0.0	0.0	0.0	0.0	0.0	0.0	0.0	0.0	0.0	0.0	0.0	0.0	0.0	0.0	0.0	0.0	0.0	0.0	0.0	0.0	0.0	0.0	0.0	0.0	0.0
# Solar flux:				0.0	0.0	0.0	0.0	0.0	0.0	0.0	0.0	0.0	0.0	0.0	0.0	0.0	0.0	0.0	0.0	0.0	0.0	0.0	0.0	0.0	0.0	0.0	0.0	0.0	0.0	0.0	0.0	0.0	0.0	0.0	0.0	0.0	0.0	0.0	0.0	0.0	0.0	0.0	0.0	0.0	0.0	0.0	0.0	0.0	0.0	0.0	0.0	0.0	0.0	0.0	0.0	0.0	0.0	0.0	0.0	0.0	0.0	0.0	0.0	0.0	0.0	0.0	0.0	0.0	0.0	0.0	0.0	0.0	0.0	0.0	0.0	0.0	0.0	0.0	0.0	0.0	0.0	0.0	0.0	0.0	0.0	0.0	0.0	0.0	0.0	0.0	0.0	0.0	0.0
Pixel-X	Pixel-Y	Longitude	Latitude	Oa01_radiance	Oa02_radiance	Oa03_radiance	Oa04_radiance	Oa05_radiance	Oa06_radiance	Oa07_radiance	Oa08_radiance	Oa09_radiance	Oa10_radiance	Oa11_radiance	Oa12_radiance	Oa13_radiance	Oa14_radiance	Oa15_radiance	Oa16_radiance	Oa17_radiance	Oa18_radiance	Oa19_radiance	Oa20_radiance	Oa21_radiance	altitude	latitude	longitude	detector_index	FWHM_band_1	FWHM_band_2	FWHM_band_3	FWHM_band_4	FWHM_band_5	FWHM_band_6	FWHM_band_7	FWHM_band_8	FWHM_band_9	FWHM_band_10	FWHM_band_11	FWHM_band_12	FWHM_band_13	FWHM_band_14	FWHM_band_15	FWHM_band_16	FWHM_band_17	FWHM_band_18	FWHM_band_19	FWHM_band_20	FWHM_band_21	frame_offset	lambda0_band_1	lambda0_band_2	lambda0_band_3	lambda0_band_4	lambda0_band_5	lambda0_band_6	lambda0_band_7	lambda0_band_8	lambda0_band_9	lambda0_band_10	lambda0_band_11	lambda0_band_12	lambda0_band_13	lambda0_band_14	lambda0_band_15	lambda0_band_16	lambda0_band_17	lambda0_band_18	lambda0_band_19	lambda0_band_20	lambda0_band_21	solar_flux_band_1	solar_flux_band_2	solar_flux_band_3	solar_flux_band_4	solar_flux_band_5	solar_flux_band_6	solar_flux_band_7	solar_flux_band_8	solar_flux_band_9	solar_flux_band_10	solar_flux_band_11	solar_flux_band_12	solar_flux_band_13	solar_flux_band_14	solar_flux_band_15	solar_flux_band_16	solar_flux_band_17	solar_flux_band_18	solar_flux_band_19	solar_flux_band_20	solar_flux_band_21	quality_flags
590.5	1619.5	28.3526508249279	-25.60518581220813	76.119774	79.908554	75.85287	62.29919	56.008503	44.226604	34.04111	29.793562	28.787678	28.11229	33.472164	47.070984	11.987447	22.510422	41.826252	45.093906	39.59315	38.38735	25.720623	7.963623	30.538397	1204	-25.606483	28.363731	185	13.542406	9.824989	9.919946	9.986111	9.962481	10.005331	9.92386	9.97331	7.518992	7.518877	9.993555	7.498829	2.5555768	3.7087953	2.526566	15.015767	19.97571	9.968542	9.95852	19.871101	26.48112	-2	400.57706	411.8786	443.0725	490.5737	510.5414	560.5299	620.4559	665.3483	674.0973	681.65	709.19507	754.2647	761.80426	764.91754	768.0232	779.3058	865.6183	884.49146	899.4953	939.19196	1016.0182	1487.0398	1658.6713	1837.3859	1880.3406	1863.2961	1743.8322	1600.8792	1485.5951	1450.901	1425.7386	1361.8726	1229.5441	1210.3889	1202.0608	1195.0027	1139.1635	931.98724	903.3604	869.6891	802.06085	678.98096	-2147483648
591.5	1619.5	28.35522485226187	-25.605888538544125	75.52008	79.5471	75.889305	61.872955	55.937836	43.781868	33.68945	29.521833	28.52139	27.779737	32.938503	45.364677	11.687573	21.576092	40.28806	43.19555	38.094418	36.885952	24.498705	7.6862016	29.763756	1201	-25.608109	28.36966	186	13.541775	9.825047	9.920086	9.986127	9.962496	10.005298	9.923813	9.97338	7.519018	7.5187926	9.99356	7.498804	2.5554776	3.7087653	2.5265381	15.0159	19.975676	9.968536	9.958483	19.87143	26.471401	-2	400.57617	411.8777	443.07144	490.5726	510.54047	560.529	620.4549	665.3473	674.09644	681.64905	709.1941	754.264	761.8033	764.91656	768.0222	779.30493	865.6171	884.4903	899.49414	939.19116	1016.0146	1487.0146	1658.6642	1837.3562	1880.324	1863.3112	1743.8395	1600.8806	1485.5977	1450.9048	1425.7426	1361.8785	1229.5441	1210.3892	1202.0691	1194.9996	1139.1671	931.9874	903.3623	869.68915	802.0623	678.98596	-2139095040
592.5	1619.5	28.357798879767262	-25.606591264884475	75.52008	79.5471	75.889305	61.872955	55.937836	43.781868	33.68945	29.521833	28.52139	27.779737	32.938503	45.364677	11.687573	21.576092	40.28806	43.19555	38.094418	36.885952	24.498705	7.6862016	29.763756	1201	-25.608109	28.36966	186	13.541775	9.825047	9.920086	9.986127	9.962496	10.005298	9.923813	9.97338	7.519018	7.5187926	9.99356	7.498804	2.5554776	3.7087653	2.5265381	15.0159	19.975676	9.968536	9.958483	19.87143	26.471401	-2	400.57617	411.8777	443.07144	490.5726	510.54047	560.529	620.4549	665.3473	674.09644	681.64905	709.1941	754.264	761.8033	764.91656	768.0222	779.30493	865.6171	884.4903	899.49414	939.19116	1016.0146	1487.0146	1658.6642	1837.3562	1880.324	1863.3112	1743.8395	1600.8806	1485.5977	1450.9048	1425.7426	1361.8785	1229.5441	1210.3892	1202.0691	1194.9996	1139.1671	931.9874	903.3623	869.68915	802.0623	678.98596	-2147483648
593.5	1619.5	28.360372907433693	-25.607293991228975	75.60376	79.45339	75.22116	61.56192	55.584503	43.386547	33.41691	29.486773	28.549921	27.957615	32.553455	44.162346	11.252757	21.031067	39.13441	41.92291	36.506947	35.49455	23.744434	7.52954	28.269571	1211	-25.609772	28.375744	187	13.541142	9.825104	9.920227	9.986143	9.96251	10.005264	9.923766	9.973449	7.519044	7.518708	9.993564	7.4987793	2.5553784	3.7087355	2.5265102	15.016031	19.975643	9.96853	9.958446	19.871756	26.461723	-2	400.5753	411.8768	443.0704	490.57153	510.53952	560.5281	620.4539	665.3463	674.0955	681.64813	709.1932	754.2632	761.80237	764.9156	768.02124	779.3041	865.61597	884.48914	899.493	939.1903	1016.0109	1486.9895	1658.657	1837.3267	1880.3073	1863.3263	1743.8469	1600.8821	1485.6002	1450.9087	1425.7463	1361.8848	1229.544	1210.3895	1202.0774	1194.9967	1139.1708	931.9876	903.36414	869.6892	802.0637	678.99097	-2139095040
594.5	1619.5	28.36294693525077	-25.607996717577407	75.60376	79.45339	75.22116	61.56192	55.584503	43.386547	33.41691	29.486773	28.549921	27.957615	32.553455	44.162346	11.252757	21.031067	39.13441	41.92291	36.506947	35.49455	23.744434	7.52954	28.269571	1211	-25.609772	28.375744	187	13.541142	9.825104	9.920227	9.986143	9.96251	10.005264	9.923766	9.973449	7.519044	7.518708	9.993564	7.4987793	2.5553784	3.7087355	2.5265102	15.016031	19.975643	9.96853	9.958446	19.871756	26.461723	-2	400.5753	411.8768	443.0704	490.57153	510.53952	560.5281	620.4539	665.3463	674.0955	681.64813	709.1932	754.2632	761.80237	764.9156	768.02124	779.3041	865.61597	884.48914	899.493	939.1903	1016.0109	1486.9895	1658.657	1837.3267	1880.3073	1863.3263	1743.8469	1600.8821	1485.6002	1450.9087	1425.7463	1361.8848	1229.544	1210.3895	1202.0774	1194.9967	1139.1708	931.9876	903.36414	869.6892	802.0637	678.99097	-2147483648
589.5	1620.5	28.349233827509746	-25.60702224139283	76.17556	79.77468	76.33879	62.86366	56.97765	44.844296	34.867523	31.187258	30.185692	29.488903	33.769394	44.558323	11.425184	21.377115	39.650654	42.532715	37.31547	36.35249	24.207054	7.6307173	28.603413	1215	-25.609058	28.36301	185	13.542406	9.824989	9.919946	9.986111	9.962481	10.005331	9.92386	9.97331	7.518992	7.518877	9.993555	7.498829	2.5555768	3.7087953	2.526566	15.015767	19.97571	9.968542	9.95852	19.871101	26.48112	-2	400.57706	411.8786	443.0725	490.5737	510.5414	560.5299	620.4559	665.3483	674.0973	681.65	709.19507	754.2647	761.80426	764.91754	768.0232	779.3058	865.6183	884.49146	899.4953	939.19196	1016.0182	1487.0398	1658.6713	1837.3859	1880.3406	1863.2961	1743.8322	1600.8792	1485.5951	1450.901	1425.7386	1361.8726	1229.5441	1210.3889	1202.0608	1195.0027	1139.1635	931.98724	903.3604	869.6891	802.06085	678.98096	-2139095040
590.5	1620.5	28.351807888940208	-25.607725003335943	76.17556	79.77468	76.33879	62.86366	56.97765	44.844296	34.867523	31.187258	30.185692	29.488903	33.769394	44.558323	11.425184	21.377115	39.650654	42.532715	37.31547	36.35249	24.207054	7.6307173	28.603413	1215	-25.609058	28.36301	185	13.542406	9.824989	9.919946	9.986111	9.962481	10.005331	9.92386	9.97331	7.518992	7.518877	9.993555	7.498829	2.5555768	3.7087953	2.526566	15.015767	19.97571	9.968542	9.95852	19.871101	26.48112	-2	400.57706	411.8786	443.0725	490.5737	510.5414	560.5299	620.4559	665.3483	674.0973	681.65	709.19507	754.2647	761.80426	764.91754	768.0232	779.3058	865.6183	884.49146	899.4953	939.19196	1016.0182	1487.0398	1658.6713	1837.3859	1880.3406	1863.2961	1743.8322	1600.8792	1485.5951	1450.901	1425.7386	1361.8726	1229.5441	1210.3889	1202.0608	1195.0027	1139.1635	931.98724	903.3604	869.6891	802.06085	678.98096	-2147483648
591.5	1620.5	28.354381950551502	-25.60842776528317	76.356865	80.015656	75.779976	62.322227	56.089264	43.74481	33.48724	29.478006	28.587963	27.903479	31.519903	40.893726	10.518066	19.655525	36.521587	38.81024	33.62287	32.38726	21.878872	6.912686	25.757658	1207	-25.610664	28.36888	186	13.541775	9.825047	9.920086	9.986127	9.962496	10.005298	9.923813	9.97338	7.519018	7.5187926	9.99356	7.498804	2.5554776	3.7087653	2.5265381	15.0159	19.975676	9.968536	9.958483	19.87143	26.471401	-2	400.57617	411.8777	443.07144	490.5726	510.54047	560.529	620.4549	665.3473	674.09644	681.64905	709.1941	754.264	761.8033	764.91656	768.0222	779.30493	865.6171	884.4903	899.49414	939.19116	1016.0146	1487.0146	1658.6642	1837.3562	1880.324	1863.3112	1743.8395	1600.8806	1485.5977	1450.9048	1425.7426	1361.8785	1229.5441	1210.3892	1202.0691	1194.9996	1139.1671	931.9874	903.3623	869.68915	802.0623	678.98596	-2139095040
592.5	1620.5	28.356956012333242	-25.6091305272343	76.356865	80.015656	75.779976	62.322227	56.089264	43.74481	33.48724	29.478006	28.587963	27.903479	31.519903	40.893726	10.518066	19.655525	36.521587	38.81024	33.62287	32.38726	21.878872	6.912686	25.757658	1207	-25.610664	28.36888	186	13.541775	9.825047	9.920086	9.986127	9.962496	10.005298	9.923813	9.97338	7.519018	7.5187926	9.99356	7.498804	2.5554776	3.7087653	2.5265381	15.0159	19.975676	9.968536	9.958483	19.87143	26.471401	-2	400.57617	411.8777	443.07144	490.5726	510.54047	560.529	620.4549	665.3473	674.09644	681.64905	709.1941	754.264	761.8033	764.91656	768.0222	779.30493	865.6171	884.4903	899.49414	939.19116	1016.0146	1487.0146	1658.6642	1837.3562	1880.324	1863.3112	1743.8395	1600.8806	1485.5977	1450.9048	1425.7426	1361.8785	1229.5441	1210.3892	1202.0691	1194.9996	1139.1671	931.9874	903.3623	869.68915	802.0623	678.98596	-2147483648
593.5	1620.5	28.35953007427504	-25.60983328918912	75.72928	79.38645	75.318344	61.700157	55.261456	43.20124	33.170742	29.311464	28.502369	27.725601	31.013262	39.892982	10.240684	19.015337	35.209908	37.585323	32.19316	31.083853	20.923464	6.671166	24.487114	1214	-25.612318	28.374924	187	13.541142	9.825104	9.920227	9.986143	9.96251	10.005264	9.923766	9.973449	7.519044	7.518708	9.993564	7.4987793	2.5553784	3.7087355	2.5265102	15.016031	19.975643	9.96853	9.958446	19.871756	26.461723	-2	400.5753	411.8768	443.0704	490.57153	510.53952	560.5281	620.4539	665.3463	674.0955	681.64813	709.1932	754.2632	761.80237	764.9156	768.02124	779.3041	865.61597	884.48914	899.493	939.1903	1016.0109	1486.9895	1658.657	1837.3267	1880.3073	1863.3263	1743.8469	1600.8821	1485.6002	1450.9087	1425.7463	1361.8848	1229.544	1210.3895	1202.0774	1194.9967	1139.1708	931.9876	903.36414	869.6892	802.0637	678.99097	-2139095040
594.5	1620.5	28.362104136366494	-25.610536051147413	75.72928	79.38645	75.318344	61.700157	55.261456	43.20124	33.170742	29.311464	28.502369	27.725601	31.013262	39.892982	10.240684	19.015337	35.209908	37.585323	32.19316	31.083853	20.923464	6.671166	24.487114	1214	-25.612318	28.374924	187	13.541142	9.825104	9.920227	9.986143	9.96251	10.005264	9.923766	9.973449	7.519044	7.518708	9.993564	7.4987793	2.5553784	3.7087355	2.5265102	15.016031	19.975643	9.96853	9.958446	19.871756	26.461723	-2	400.5753	411.8768	443.0704	490.57153	510.53952	560.5281	620.4539	665.3463	674.0955	681.64813	709.1932	754.2632	761.80237	764.9156	768.02124	779.3041	865.61597	884.48914	899.493	939.1903	1016.0109	1486.9895	1658.657	1837.3267	1880.3073	1863.3263	1743.8469	1600.8821	1485.6002	1450.9087	1425.7463	1361.8848	1229.544	1210.3895	1202.0774	1194.9967	1139.1708	931.9876	903.36414	869.6892	802.0637	678.99097	-2147483648
595.5	1620.5	28.36467819859722	-25.611238813108983	75.52008	79.118706	75.3305	61.6656	55.82679	43.534794	34.208153	30.6701	29.738708	28.99394	33.02632	43.024807	10.98287	20.442785	38.391655	40.83586	35.66391	34.559612	23.271759	7.50343	27.504654	1235	-25.614014	28.38112	188	13.54051	9.825161	9.920367	9.986158	9.962524	10.00523	9.923718	9.973518	7.5190697	7.5186234	9.993567	7.4987545	2.5552793	3.7087054	2.5264823	15.016164	19.97561	9.968524	9.958407	19.872084	26.452087	-2	400.57443	411.8759	443.06934	490.57043	510.5386	560.52716	620.45294	665.3453	674.09467	681.64716	709.1922	754.26245	761.8014	764.91455	768.02026	779.3033	865.6148	884.488	899.4919	939.1895	1016.0073	1486.9644	1658.6499	1837.2971	1880.2906	1863.3413	1743.8542	1600.8833	1485.6028	1450.9125	1425.7504	1361.8907	1229.5438	1210.3899	1202.0857	1194.9937	1139.1744	931.98773	903.366	869.6893	802.0652	678.996	-2139095040
589.5	1621.5	28.348389624570455	-25.609561396997368	76.25924	79.74791	75.415535	62.19551	55.725834	43.176533	32.467415	28.461222	27.380154	26.666073	28.838078	35.43643	9.258597	17.129375	31.095764	33.13108	27.879375	26.695156	17.790728	5.7377253	20.302752	1228	-25.611635	28.3623	185	13.542406	9.824989	9.919946	9.986111	9.962481	10.005331	9.92386	9.97331	7.518992	7.518877	9.993555	7.498829	2.5555768	3.7087953	2.526566	15.015767	19.97571	9.968542	9.95852	19.871101	26.48112	-2	400.57706	411.8786	443.0725	490.5737	510.5414	560.5299	620.4559	665.3483	674.0973	681.65	709.19507	754.2647	761.80426	764.91754	768.0232	779.3058	865.6183	884.49146	899.4953	939.19196	1016.0182	1487.0398	1658.6713	1837.3859	1880.3406	1863.2961	1743.8322	1600.8792	1485.5951	1450.901	1425.7386	1361.8726	1229.5441	1210.3889	1202.0608	1195.0027	1139.1635	931.98724	903.3604	869.6891	802.06085	678.98096	-2139095040
590.5	1621.5	28.350963744650517	-25.610264194550524	76.25924	79.74791	75.415535	62.19551	55.725834	43.176533	32.467415	28.461222	27.380154	26.666073	28.838078	35.43643	9.258597	17.129375	31.095764	33.13108	27.879375	26.695156	17.790728	5.7377253	20.302752	1228	-25.611635	28.3623	185	13.542406	9.824989	9.919946	9.986111	9.962481	10.005331	9.92386	9.97331	7.518992	7.518877	9.993555	7.498829	2.5555768	3.7087953	2.526566	15.015767	19.97571	9.968542	9.95852	19.871101	26.48112	-2	400.57706	411.8786	443.0725	490.5737	510.5414	560.5299	620.4559	665.3483	674.0973	681.65	709.19507	754.2647	761.80426	764.91754	768.0232	779.3058	865.6183	884.49146	899.4953	939.19196	1016.0182	1487.0398	1658.6713	1837.3859	1880.3406	1863.2961	1743.8322	1600.8792	1485.5951	1450.901	1425.7386	1361.8726	1229.5441	1210.3889	1202.0608	1195.0027	1139.1635	931.98724	903.3604	869.6891	802.06085	678.98096	-2147483648
591.5	1621.5	28.35353786491197	-25.610966992107336	76.28713	79.61404	75.56131	61.6656	55.473454	42.16352	31.315714	26.997402	25.915567	25.289461	25.879286	28.97839	7.6542735	14.1447115	25.490835	26.640614	21.144941	20.117609	13.420986	4.4517956	15.230305	1215	-25.613232	28.368126	186	13.541775	9.825047	9.920086	9.986127	9.962496	10.005298	9.923813	9.97338	7.519018	7.5187926	9.99356	7.498804	2.5554776	3.7087653	2.5265381	15.0159	19.975676	9.968536	9.958483	19.87143	26.471401	-2	400.57617	411.8777	443.07144	490.5726	510.54047	560.529	620.4549	665.3473	674.09644	681.64905	709.1941	754.264	761.8033	764.91656	768.0222	779.30493	865.6171	884.4903	899.49414	939.19116	1016.0146	1487.0146	1658.6642	1837.3562	1880.324	1863.3112	1743.8395	1600.8806	1485.5977	1450.9048	1425.7426	1361.8785	1229.5441	1210.3892	1202.0691	1194.9996	1139.1671	931.9874	903.3623	869.68915	802.0623	678.98596	-2139095040
592.5	1621.5	28.356111985344437	-25.611669789667594	76.28713	79.61404	75.56131	61.6656	55.473454	42.16352	31.315714	26.997402	25.915567	25.289461	25.879286	28.97839	7.6542735	14.1447115	25.490835	26.640614	21.144941	20.117609	13.420986	4.4517956	15.230305	1215	-25.613232	28.368126	186	13.541775	9.825047	9.920086	9.986127	9.962496	10.005298	9.923813	9.97338	7.519018	7.5187926	9.99356	7.498804	2.5554776	3.7087653	2.5265381	15.0159	19.975676	9.968536	9.958483	19.87143	26.471401	-2	400.57617	411.8777	443.07144	490.5726	510.54047	560.529	620.4549	665.3473	674.09644	681.64905	709.1941	754.264	761.8033	764.91656	768.0222	779.30493	865.6171	884.4903	899.49414	939.19116	1016.0146	1487.0146	1658.6642	1837.3562	1880.324	1863.3112	1743.8395	1600.8806	1485.5977	1450.9048	1425.7426	1361.8785	1229.5441	1210.3892	1202.0691	1194.9996	1139.1671	931.9874	903.3623	869.68915	802.0623	678.98596	-2147483648
593.5	1621.5	28.35868610593752	-25.612372587231086	75.868744	79.627426	75.573456	61.73472	55.594597	42.904747	32.537746	28.356037	27.180437	26.418592	27.703197	32.067017	8.381467	15.321275	28.451334	29.716162	23.890974	22.812424	15.221179	5.01643	17.463478	1222	-25.614883	28.374163	187	13.541142	9.825104	9.920227	9.986143	9.96251	10.005264	9.923766	9.973449	7.519044	7.518708	9.993564	7.4987793	2.5553784	3.7087355	2.5265102	15.016031	19.975643	9.96853	9.958446	19.871756	26.461723	-2	400.5753	411.8768	443.0704	490.57153	510.53952	560.5281	620.4539	665.3463	674.0955	681.64813	709.1932	754.2632	761.80237	764.9156	768.02124	779.3041	865.61597	884.48914	899.493	939.1903	1016.0109	1486.9895	1658.657	1837.3267	1880.3073	1863.3263	1743.8469	1600.8821	1485.6002	1450.9087	1425.7463	1361.8848	1229.544	1210.3895	1202.0774	1194.9967	1139.1708	931.9876	903.36414	869.6892	802.0637	678.99097	-2139095040
594.5	1621.5	28.36126022668083	-25.6130753847976	75.868744	79.627426	75.573456	61.73472	55.594597	42.904747	32.537746	28.356037	27.180437	26.418592	27.703197	32.067017	8.381467	15.321275	28.451334	29.716162	23.890974	22.812424	15.221179	5.01643	17.463478	1222	-25.614883	28.374163	187	13.541142	9.825104	9.920227	9.986143	9.96251	10.005264	9.923766	9.973449	7.519044	7.518708	9.993564	7.4987793	2.5553784	3.7087355	2.5265102	15.016031	19.975643	9.96853	9.958446	19.871756	26.461723	-2	400.5753	411.8768	443.0704	490.57153	510.53952	560.5281	620.4539	665.3463	674.0955	681.64813	709.1932	754.2632	761.80237	764.9156	768.02124	779.3041	865.61597	884.48914	899.493	939.1903	1016.0109	1486.9895	1658.657	1837.3267	1880.3073	1863.3263	1743.8469	1600.8821	1485.6002	1450.9087	1425.7463	1361.8848	1229.544	1210.3895	1202.0774	1194.9967	1139.1708	931.9876	903.36414	869.6892	802.0637	678.99097	-2147483648
595.5	1621.5	28.363834347563973	-25.613778182366925	75.53403	79.506935	75.318344	61.64256	55.433075	43.608913	33.65428	29.88998	28.892292	28.344303	31.688784	41.26811	10.645513	19.897758	36.700695	39.19734	33.879234	32.926224	22.105154	7.1705246	25.780346	1243	-25.61658	28.380363	188	13.54051	9.825161	9.920367	9.986158	9.962524	10.00523	9.923718	9.973518	7.5190697	7.5186234	9.993567	7.4987545	2.5552793	3.7087054	2.5264823	15.016164	19.97561	9.968524	9.958407	19.872084	26.452087	-2	400.57443	411.8759	443.06934	490.57043	510.5386	560.52716	620.45294	665.3453	674.09467	681.64716	709.1922	754.26245	761.8014	764.91455	768.02026	779.3033	865.6148	884.488	899.4919	939.1895	1016.0073	1486.9644	1658.6499	1837.2971	1880.2906	1863.3413	1743.8542	1600.8833	1485.6028	1450.9125	1425.7504	1361.8907	1229.5438	1210.3899	1202.0857	1194.9937	1139.1744	931.98773	903.366	869.6893	802.0652	678.996	-2139095040
596.5	1621.5	28.366408468576562	-25.614480979938843	75.53403	79.506935	75.318344	61.64256	55.433075	43.608913	33.65428	29.88998	28.892292	28.344303	31.688784	41.26811	10.645513	19.897758	36.700695	39.19734	33.879234	32.926224	22.105154	7.1705246	25.780346	1243	-25.61658	28.380363	188	13.54051	9.825161	9.920367	9.986158	9.962524	10.00523	9.923718	9.973518	7.5190697	7.5186234	9.993567	7.4987545	2.5552793	3.7087054	2.5264823	15.016164	19.97561	9.968524	9.958407	19.872084	26.452087	-2	400.57443	411.8759	443.06934	490.57043	510.5386	560.52716	620.45294	665.3453	674.09467	681.64716	709.1922	754.26245	761.8014	764.91455	768.02026	779.3033	865.6148	884.488	899.4919	939.1895	1016.0073	1486.9644	1658.6499	1837.2971	1880.2906	1863.3413	1743.8542	1600.8833	1485.6028	1450.9125	1425.7504	1361.8907	1229.5438	1210.3899	1202.0857	1194.9937	1139.1744	931.98773	903.366	869.6893	802.0652	678.996	-2139095040
589.5	1622.5	28.347545421645215	-25.61210102282235	75.92453	79.69436	75.37909	61.46976	55.210976	42.16352	31.509129	27.505795	26.562267	25.815357	27.392458	32.355003	8.358976	15.451043	28.424995	30.1881	25.409426	24.352318	16.513494	5.4211383	19.100273	1236	-25.6142	28.361547	185	13.542406	9.824989	9.919946	9.986111	9.962481	10.005331	9.92386	9.97331	7.518992	7.518877	9.993555	7.498829	2.5555768	3.7087953	2.526566	15.015767	19.97571	9.968542	9.95852	19.871101	26.48112	-2	400.57706	411.8786	443.0725	490.5737	510.5414	560.5299	620.4559	665.3483	674.0973	681.65	709.19507	754.2647	761.80426	764.91754	768.0232	779.3058	865.6183	884.49146	899.4953	939.19196	1016.0182	1487.0398	1658.6713	1837.3859	1880.3406	1863.2961	1743.8322	1600.8792	1485.5951	1450.901	1425.7386	1361.8726	1229.5441	1210.3889	1202.0608	1195.0027	1139.1635	931.98724	903.3604	869.6891	802.06085	678.98096	-2139095040
590.5	1622.5	28.35011960037468	-25.612803831408364	75.92453	79.69436	75.37909	61.46976	55.210976	42.16352	31.509129	27.505795	26.562267	25.815357	27.392458	32.355003	8.358976	15.451043	28.424995	30.1881	25.409426	24.352318	16.513494	5.4211383	19.100273	1236	-25.6142	28.361547	185	13.542406	9.824989	9.919946	9.986111	9.962481	10.005331	9.92386	9.97331	7.518992	7.518877	9.993555	7.498829	2.5555768	3.7087953	2.526566	15.015767	19.97571	9.968542	9.95852	19.871101	26.48112	-2	400.57706	411.8786	443.0725	490.5737	510.5414	560.5299	620.4559	665.3483	674.0973	681.65	709.19507	754.2647	761.80426	764.91754	768.0232	779.3058	865.6183	884.49146	899.4953	939.19196	1016.0182	1487.0398	1658.6713	1837.3859	1880.3406	1863.2961	1743.8322	1600.8792	1485.5951	1450.901	1425.7386	1361.8726	1229.5441	1210.3889	1202.0608	1195.0027	1139.1635	931.98724	903.3604	869.6891	802.06085	678.98096	-2147483648
591.5	1622.5	28.352693779286117	-25.61350663999859	75.994255	79.70775	75.3305	61.193287	54.81726	41.397583	29.944223	25.551113	24.441471	23.742704	22.569223	21.865185	6.0199623	10.4593	18.695387	19.381258	13.873132	12.814115	8.503142	2.992886	9.214675	1227	-25.615805	28.3674	186	13.541775	9.825047	9.920086	9.986127	9.962496	10.005298	9.923813	9.97338	7.519018	7.5187926	9.99356	7.498804	2.5554776	3.7087653	2.5265381	15.0159	19.975676	9.968536	9.958483	19.87143	26.471401	-2	400.57617	411.8777	443.07144	490.5726	510.54047	560.529	620.4549	665.3473	674.09644	681.64905	709.1941	754.264	761.8033	764.91656	768.0222	779.30493	865.6171	884.4903	899.49414	939.19116	1016.0146	1487.0146	1658.6642	1837.3562	1880.324	1863.3112	1743.8395	1600.8806	1485.5977	1450.9048	1425.7426	1361.8785	1229.5441	1210.3892	1202.0691	1194.9996	1139.1671	931.9874	903.3623	869.68915	802.0623	678.98596	-2139095040
592.5	1622.5	28.355267958369122	-25.614209448592824	75.994255	79.70775	75.3305	61.193287	54.81726	41.397583	29.944223	25.551113	24.441471	23.742704	22.569223	21.865185	6.0199623	10.4593	18.695387	19.381258	13.873132	12.814115	8.503142	2.992886	9.214675	1227	-25.615805	28.3674	186	13.541775	9.825047	9.920086	9.986127	9.962496	10.005298	9.923813	9.97338	7.519018	7.5187926	9.99356	7.498804	2.5554776	3.7087653	2.5265381	15.0159	19.975676	9.968536	9.958483	19.87143	26.471401	-2	400.57617	411.8777	443.07144	490.5726	510.54047	560.529	620.4549	665.3473	674.09644	681.64905	709.1941	754.264	761.8033	764.91656	768.0222	779.30493	865.6171	884.4903	899.49414	939.19116	1016.0146	1487.0146	1658.6642	1837.3562	1880.324	1863.3112	1743.8395	1600.8806	1485.5977	1450.9048	1425.7426	1361.8785	1229.5441	1210.3892	1202.0691	1194.9996	1139.1671	931.9874	903.3623	869.68915	802.0623	678.98596	-2147483648
593.5	1622.5	28.35784213761331	-25.614912257190845	76.0082	79.84162	75.6099	61.792316	55.44317	42.16352	31.40363	26.971106	25.95361	25.088383	24.98084	26.559324	7.107004	12.708612	22.920155	24.095333	18.255938	17.131317	11.530282	3.9230635	12.812385	1231	-25.617447	28.373407	187	13.541142	9.825104	9.920227	9.986143	9.96251	10.005264	9.923766	9.973449	7.519044	7.518708	9.993564	7.4987793	2.5553784	3.7087355	2.5265102	15.016031	19.975643	9.96853	9.958446	19.871756	26.461723	-2	400.5753	411.8768	443.0704	490.57153	510.53952	560.5281	620.4539	665.3463	674.0955	681.64813	709.1932	754.2632	761.80237	764.9156	768.02124	779.3041	865.61597	884.48914	899.493	939.1903	1016.0109	1486.9895	1658.657	1837.3267	1880.3073	1863.3263	1743.8469	1600.8821	1485.6002	1450.9087	1425.7463	1361.8848	1229.544	1210.3895	1202.0774	1194.9967	1139.1708	931.9876	903.36414	869.6892	802.0637	678.99097	-2139095040
594.5	1622.5	28.36041631700829	-25.61561506579245	76.0082	79.84162	75.6099	61.792316	55.44317	42.16352	31.40363	26.971106	25.95361	25.088383	24.98084	26.559324	7.107004	12.708612	22.920155	24.095333	18.255938	17.131317	11.530282	3.9230635	12.812385	1231	-25.617447	28.373407	187	13.541142	9.825104	9.920227	9.986143	9.96251	10.005264	9.923766	9.973449	7.519044	7.518708	9.993564	7.4987793	2.5553784	3.7087355	2.5265102	15.016031	19.975643	9.96853	9.958446	19.871756	26.461723	-2	400.5753	411.8768	443.0704	490.57153	510.53952	560.5281	620.4539	665.3463	674.0955	681.64813	709.1932	754.2632	761.80237	764.9156	768.02124	779.3041	865.61597	884.48914	899.493	939.1903	1016.0109	1486.9895	1658.657	1837.3267	1880.3073	1863.3263	1743.8469	1600.8821	1485.6002	1450.9087	1425.7463	1361.8848	1229.544	1210.3895	1202.0774	1194.9967	1139.1708	931.9876	903.36414	869.6892	802.0637	678.99097	-2147483648
595.5	1622.5	28.36299049654367	-25.61631787439742	75.701385	79.44	75.45197	61.803837	55.65517	43.22595	33.285034	29.22381	28.18853	27.686932	30.101305	37.63231	9.948306	18.072357	33.39779	35.278664	29.895761	29.010496	19.42498	6.318678	22.642883	1251	-25.61914	28.3796	188	13.54051	9.825161	9.920367	9.986158	9.962524	10.00523	9.923718	9.973518	7.5190697	7.5186234	9.993567	7.4987545	2.5552793	3.7087054	2.5264823	15.016164	19.97561	9.968524	9.958407	19.872084	26.452087	-2	400.57443	411.8759	443.06934	490.57043	510.5386	560.52716	620.45294	665.3453	674.09467	681.64716	709.1922	754.26245	761.8014	764.91455	768.02026	779.3033	865.6148	884.488	899.4919	939.1895	1016.0073	1486.9644	1658.6499	1837.2971	1880.2906	1863.3413	1743.8542	1600.8833	1485.6028	1450.9125	1425.7504	1361.8907	1229.5438	1210.3899	1202.0857	1194.9937	1139.1744	931.98773	903.366	869.6893	802.0652	678.996	-2139095040
596.5	1622.5	28.365564676209054	-25.61702068300555	75.701385	79.44	75.45197	61.803837	55.65517	43.22595	33.285034	29.22381	28.18853	27.686932	30.101305	37.63231	9.948306	18.072357	33.39779	35.278664	29.895761	29.010496	19.42498	6.318678	22.642883	1251	-25.61914	28.3796	188	13.54051	9.825161	9.920367	9.986158	9.962524	10.00523	9.923718	9.973518	7.5190697	7.5186234	9.993567	7.4987545	2.5552793	3.7087054	2.5264823	15.016164	19.97561	9.968524	9.958407	19.872084	26.452087	-2	400.57443	411.8759	443.06934	490.57043	510.5386	560.52716	620.45294	665.3453	674.09467	681.64716	709.1922	754.26245	761.8014	764.91455	768.02026	779.3033	865.6148	884.488	899.4919	939.1895	1016.0073	1486.9644	1658.6499	1837.2971	1880.2906	1863.3413	1743.8542	1600.8833	1485.6028	1450.9125	1425.7504	1361.8907	1229.5438	1210.3899	1202.0857	1194.9937	1139.1744	931.98773	903.366	869.6893	802.0652	678.996	-2139095040
589.5	1623.5	28.346702292872166	-25.614641231049593	75.826904	79.39984	75.281906	61.239365	55.029263	42.670025	32.432247	28.619	27.58938	26.789814	29.702745	37.157135	9.573464	17.648447	32.89735	35.26806	30.699358	29.686949	20.164164	6.556934	23.660614	1243	-25.61676	28.360771	185	13.542406	9.824989	9.919946	9.986111	9.962481	10.005331	9.92386	9.97331	7.518992	7.518877	9.993555	7.498829	2.5555768	3.7087953	2.526566	15.015767	19.97571	9.968542	9.95852	19.871101	26.48112	-2	400.57706	411.8786	443.0725	490.5737	510.5414	560.5299	620.4559	665.3483	674.0973	681.65	709.19507	754.2647	761.80426	764.91754	768.0232	779.3058	865.6183	884.49146	899.4953	939.19196	1016.0182	1487.0398	1658.6713	1837.3859	1880.3406	1863.2961	1743.8322	1600.8792	1485.5951	1450.901	1425.7386	1361.8726	1229.5441	1210.3889	1202.0608	1195.0027	1139.1635	931.98724	903.3604	869.6891	802.06085	678.98096	-1602224128
590.5	1623.5	28.349276494143922	-25.615344039150713	75.826904	79.39984	75.281906	61.239365	55.029263	42.670025	32.432247	28.619	27.58938	26.789814	29.702745	37.157135	9.573464	17.648447	32.89735	35.26806	30.699358	29.686949	20.164164	6.556934	23.660614	1243	-25.61676	28.360771	185	13.542406	9.824989	9.919946	9.986111	9.962481	10.005331	9.92386	9.97331	7.518992	7.518877	9.993555	7.498829	2.5555768	3.7087953	2.526566	15.015767	19.97571	9.968542	9.95852	19.871101	26.48112	-2	400.57706	411.8786	443.0725	490.5737	510.5414	560.5299	620.4559	665.3483	674.0973	681.65	709.19507	754.2647	761.80426	764.91754	768.0232	779.3058	865.6183	884.49146	899.4953	939.19196	1016.0182	1487.0398	1658.6713	1837.3859	1880.3406	1863.2961	1743.8322	1600.8792	1485.5951	1450.901	1425.7386	1361.8726	1229.5441	1210.3889	1202.0608	1195.0027	1139.1635	931.98724	903.3604	869.6891	802.06085	678.98096	-1610612736
591.5	1623.5	28.35185069559723	-25.616046847256012	75.952415	79.37306	74.80813	61.158726	54.918217	41.360523	30.09368	25.568644	24.650698	23.657633	23.021824	23.427498	6.1923895	11.142745	20.286259	21.088718	15.603576	14.645488	9.790431	3.3910673	10.890365	1237	-25.618372	28.366669	186	13.541775	9.825047	9.920086	9.986127	9.962496	10.005298	9.923813	9.97338	7.519018	7.5187926	9.99356	7.498804	2.5554776	3.7087653	2.5265381	15.0159	19.975676	9.968536	9.958483	19.87143	26.471401	-2	400.57617	411.8777	443.07144	490.5726	510.54047	560.529	620.4549	665.3473	674.09644	681.64905	709.1941	754.264	761.8033	764.91656	768.0222	779.30493	865.6171	884.4903	899.49414	939.19116	1016.0146	1487.0146	1658.6642	1837.3562	1880.324	1863.3112	1743.8395	1600.8806	1485.5977	1450.9048	1425.7426	1361.8785	1229.5441	1210.3892	1202.0691	1194.9996	1139.1671	931.9874	903.3623	869.68915	802.0623	678.98596	-2139095040
592.5	1623.5	28.354424897221698	-25.61674965536528	75.952415	79.37306	74.80813	61.158726	54.918217	41.360523	30.09368	25.568644	24.650698	23.657633	23.021824	23.427498	6.1923895	11.142745	20.286259	21.088718	15.603576	14.645488	9.790431	3.3910673	10.890365	1237	-25.618372	28.366669	186	13.541775	9.825047	9.920086	9.986127	9.962496	10.005298	9.923813	9.97338	7.519018	7.5187926	9.99356	7.498804	2.5554776	3.7087653	2.5265381	15.0159	19.975676	9.968536	9.958483	19.87143	26.471401	-2	400.57617	411.8777	443.07144	490.5726	510.54047	560.529	620.4549	665.3473	674.09644	681.64905	709.1941	754.264	761.8033	764.91656	768.0222	779.30493	865.6171	884.4903	899.49414	939.19116	1016.0146	1487.0146	1658.6642	1837.3562	1880.324	1863.3112	1743.8395	1600.8806	1485.5977	1450.9048	1425.7426	1361.8785	1229.5441	1210.3892	1202.0691	1194.9996	1139.1671	931.9874	903.3623	869.68915	802.0623	678.98596	-2147483648
593.5	1623.5	28.356999099006934	-25.617452463478305	76.2174	79.66759	75.19687	61.435204	55.049454	41.40994	30.31347	25.84037	24.774332	23.920582	22.643532	21.76439	5.7875605	10.303579	18.679583	19.333534	13.60198	12.643626	8.372402	3.025524	9.143369	1239	-25.620012	28.372656	187	13.541142	9.825104	9.920227	9.986143	9.96251	10.005264	9.923766	9.973449	7.519044	7.518708	9.993564	7.4987793	2.5553784	3.7087355	2.5265102	15.016031	19.975643	9.96853	9.958446	19.871756	26.461723	-2	400.5753	411.8768	443.0704	490.57153	510.53952	560.5281	620.4539	665.3463	674.0955	681.64813	709.1932	754.2632	761.80237	764.9156	768.02124	779.3041	865.61597	884.48914	899.493	939.1903	1016.0109	1486.9895	1658.657	1837.3267	1880.3073	1863.3263	1743.8469	1600.8821	1485.6002	1450.9087	1425.7463	1361.8848	1229.544	1210.3895	1202.0774	1194.9967	1139.1708	931.9876	903.36414	869.6892	802.0637	678.99097	-2139095040
594.5	1623.5	28.359573300942547	-25.61815527159488	76.2174	79.66759	75.19687	61.435204	55.049454	41.40994	30.31347	25.84037	24.774332	23.920582	22.643532	21.76439	5.7875605	10.303579	18.679583	19.333534	13.60198	12.643626	8.372402	3.025524	9.143369	1239	-25.620012	28.372656	187	13.541142	9.825104	9.920227	9.986143	9.96251	10.005264	9.923766	9.973449	7.519044	7.518708	9.993564	7.4987793	2.5553784	3.7087355	2.5265102	15.016031	19.975643	9.96853	9.958446	19.871756	26.461723	-2	400.5753	411.8768	443.0704	490.57153	510.53952	560.5281	620.4539	665.3463	674.0955	681.64813	709.1932	754.2632	761.80237	764.9156	768.02124	779.3041	865.61597	884.48914	899.493	939.1903	1016.0109	1486.9895	1658.657	1837.3267	1880.3073	1863.3263	1743.8469	1600.8821	1485.6002	1450.9087	1425.7463	1361.8848	1229.544	1210.3895	1202.0774	1194.9967	1139.1708	931.9876	903.36414	869.6892	802.0637	678.99097	-2147483648
595.5	1623.5	28.362147503018146	-25.61885807971479	76.077934	79.82823	75.5856	61.930553	55.63498	42.954163	32.950954	28.96085	27.86518	27.238373	28.534092	33.175755	8.786296	15.78844	29.162485	30.956987	25.419285	24.46781	16.357613	5.3591266	19.155375	1254	-25.621689	28.378786	188	13.54051	9.825161	9.920367	9.986158	9.962524	10.00523	9.923718	9.973518	7.5190697	7.5186234	9.993567	7.4987545	2.5552793	3.7087054	2.5264823	15.016164	19.97561	9.968524	9.958407	19.872084	26.452087	-2	400.57443	411.8759	443.06934	490.57043	510.5386	560.52716	620.45294	665.3453	674.09467	681.64716	709.1922	754.26245	761.8014	764.91455	768.02026	779.3033	865.6148	884.488	899.4919	939.1895	1016.0073	1486.9644	1658.6499	1837.2971	1880.2906	1863.3413	1743.8542	1600.8833	1485.6028	1450.9125	1425.7504	1361.8907	1229.5438	1210.3899	1202.0857	1194.9937	1139.1744	931.98773	903.366	869.6893	802.0652	678.996	-2139095040
596.5	1623.5	28.364721705223342	-25.619560887837824	76.077934	79.82823	75.5856	61.930553	55.63498	42.954163	32.950954	28.96085	27.86518	27.238373	28.534092	33.175755	8.786296	15.78844	29.162485	30.956987	25.419285	24.46781	16.357613	5.3591266	19.155375	1254	-25.621689	28.378786	188	13.54051	9.825161	9.920367	9.986158	9.962524	10.00523	9.923718	9.973518	7.5190697	7.5186234	9.993567	7.4987545	2.5552793	3.7087054	2.5264823	15.016164	19.97561	9.968524	9.958407	19.872084	26.452087	-2	400.57443	411.8759	443.06934	490.57043	510.5386	560.52716	620.45294	665.3453	674.09467	681.64716	709.1922	754.26245	761.8014	764.91455	768.02026	779.3033	865.6148	884.488	899.4919	939.1895	1016.0073	1486.9644	1658.6499	1837.2971	1880.2906	1863.3413	1743.8542	1600.8833	1485.6028	1450.9125	1425.7504	1361.8907	1229.5438	1210.3899	1202.0857	1194.9937	1139.1744	931.98773	903.366	869.6893	802.0652	678.996	-2139095040
589.5	1624.5	28.345858571180628	-25.61718038676099	75.61771	79.30613	75.29405	61.227844	54.978786	42.33647	31.693752	27.654806	26.5908	26.000969	28.723238	37.30113	9.768382	17.89068	32.955296	35.379414	30.482437	29.615454	19.983139	6.4786034	23.116096	1249	-25.619316	28.359991	185	13.542406	9.824989	9.919946	9.986111	9.962481	10.005331	9.92386	9.97331	7.518992	7.518877	9.993555	7.498829	2.5555768	3.7087953	2.526566	15.015767	19.97571	9.968542	9.95852	19.871101	26.48112	-2	400.57706	411.8786	443.0725	490.5737	510.5414	560.5299	620.4559	665.3483	674.0973	681.65	709.19507	754.2647	761.80426	764.91754	768.0232	779.3058	865.6183	884.49146	899.4953	939.19196	1016.0182	1487.0398	1658.6713	1837.3859	1880.3406	1863.2961	1743.8322	1600.8792	1485.5951	1450.901	1425.7386	1361.8726	1229.5441	1210.3889	1202.0608	1195.0027	1139.1635	931.98724	903.3604	869.6891	802.06085	678.98096	-1602224128
590.5	1624.5	28.348432806749567	-25.617883230469793	75.61771	79.30613	75.29405	61.227844	54.978786	42.33647	31.693752	27.654806	26.5908	26.000969	28.723238	37.30113	9.768382	17.89068	32.955296	35.379414	30.482437	29.615454	19.983139	6.4786034	23.116096	1249	-25.619316	28.359991	185	13.542406	9.824989	9.919946	9.986111	9.962481	10.005331	9.92386	9.97331	7.518992	7.518877	9.993555	7.498829	2.5555768	3.7087953	2.526566	15.015767	19.97571	9.968542	9.95852	19.871101	26.48112	-2	400.57706	411.8786	443.0725	490.5737	510.5414	560.5299	620.4559	665.3483	674.0973	681.65	709.19507	754.2647	761.80426	764.91754	768.0232	779.3058	865.6183	884.49146	899.4953	939.19196	1016.0182	1487.0398	1658.6713	1837.3859	1880.3406	1863.2961	1743.8322	1600.8792	1485.5951	1450.901	1425.7386	1361.8726	1229.5441	1210.3889	1202.0608	1195.0027	1139.1635	931.98724	903.3604	869.6891	802.06085	678.98096	-1610612736
591.5	1624.5	28.35100704249908	-25.618586074182325	75.785065	79.466774	75.34264	61.13569	54.837452	41.891735	30.75305	26.278639	25.164253	24.539284	25.39291	29.007189	7.6092925	13.616988	25.253786	26.576982	21.233683	20.205605	13.511498	4.513808	15.434499	1246	-25.620937	28.36592	186	13.541775	9.825047	9.920086	9.986127	9.962496	10.005298	9.923813	9.97338	7.519018	7.5187926	9.99356	7.498804	2.5554776	3.7087653	2.5265381	15.0159	19.975676	9.968536	9.958483	19.87143	26.471401	-2	400.57617	411.8777	443.07144	490.5726	510.54047	560.529	620.4549	665.3473	674.09644	681.64905	709.1941	754.264	761.8033	764.91656	768.0222	779.30493	865.6171	884.4903	899.49414	939.19116	1016.0146	1487.0146	1658.6642	1837.3562	1880.324	1863.3112	1743.8395	1600.8806	1485.5977	1450.9048	1425.7426	1361.8785	1229.5441	1210.3892	1202.0691	1194.9996	1139.1671	931.9874	903.3623	869.68915	802.0623	678.98596	-2139095040
592.5	1624.5	28.35358127841878	-25.619288917898366	75.785065	79.466774	75.34264	61.13569	54.837452	41.891735	30.75305	26.278639	25.164253	24.539284	25.39291	29.007189	7.6092925	13.616988	25.253786	26.576982	21.233683	20.205605	13.511498	4.513808	15.434499	1246	-25.620937	28.36592	186	13.541775	9.825047	9.920086	9.986127	9.962496	10.005298	9.923813	9.97338	7.519018	7.5187926	9.99356	7.498804	2.5554776	3.7087653	2.5265381	15.0159	19.975676	9.968536	9.958483	19.87143	26.471401	-2	400.57617	411.8777	443.07144	490.5726	510.54047	560.529	620.4549	665.3473	674.09644	681.64905	709.1941	754.264	761.8033	764.91656	768.0222	779.30493	865.6171	884.4903	899.49414	939.19116	1016.0146	1487.0146	1658.6642	1837.3562	1880.324	1863.3112	1743.8395	1600.8806	1485.5977	1450.9048	1425.7426	1361.8785	1229.5441	1210.3892	1202.0691	1194.9996	1139.1671	931.9874	903.3623	869.68915	802.0623	678.98596	-2147483648
593.5	1624.5	28.35615551449827	-25.619991761617715	76.231346	79.69436	75.549164	61.711678	55.584503	42.20058	31.35088	26.7695	25.71585	25.011044	24.866001	26.63852	7.0095453	12.630752	23.036045	24.312742	18.995443	18.154245	12.108556	4.122154	13.875491	1242	-25.622557	28.37183	187	13.541142	9.825104	9.920227	9.986143	9.96251	10.005264	9.923766	9.973449	7.519044	7.518708	9.993564	7.4987793	2.5553784	3.7087355	2.5265102	15.016031	19.975643	9.96853	9.958446	19.871756	26.461723	-2	400.5753	411.8768	443.0704	490.57153	510.53952	560.5281	620.4539	665.3463	674.0955	681.64813	709.1932	754.2632	761.80237	764.9156	768.02124	779.3041	865.61597	884.48914	899.493	939.1903	1016.0109	1486.9895	1658.657	1837.3267	1880.3073	1863.3263	1743.8469	1600.8821	1485.6002	1450.9087	1425.7463	1361.8848	1229.544	1210.3895	1202.0774	1194.9967	1139.1708	931.9876	903.36414	869.6892	802.0637	678.99097	-1602224128
594.5	1624.5	28.358729750727154	-25.62069460534015	76.231346	79.69436	75.549164	61.711678	55.584503	42.20058	31.35088	26.7695	25.71585	25.011044	24.866001	26.63852	7.0095453	12.630752	23.036045	24.312742	18.995443	18.154245	12.108556	4.122154	13.875491	1242	-25.622557	28.37183	187	13.541142	9.825104	9.920227	9.986143	9.96251	10.005264	9.923766	9.973449	7.519044	7.518708	9.993564	7.4987793	2.5553784	3.7087355	2.5265102	15.016031	19.975643	9.96853	9.958446	19.871756	26.461723	-2	400.5753	411.8768	443.0704	490.57153	510.53952	560.5281	620.4539	665.3463	674.0955	681.64813	709.1932	754.2632	761.80237	764.9156	768.02124	779.3041	865.61597	884.48914	899.493	939.1903	1016.0109	1486.9895	1658.657	1837.3267	1880.3073	1863.3263	1743.8469	1600.8821	1485.6002	1450.9087	1425.7463	1361.8848	1229.544	1210.3895	1202.0774	1194.9967	1139.1708	931.9876	903.36414	869.6892	802.0637	678.99097	-1610612736
595.5	1624.5	28.361303987095045	-25.621397449065466	76.09188	79.908554	76.14442	63.059498	56.987743	44.646633	34.90269	31.14343	30.10961	29.488903	31.16863	36.68196	9.476006	17.397562	32.37057	34.472656	28.865383	27.855576	18.720993	6.109796	21.871483	1250	-25.624212	28.377886	188	13.54051	9.825161	9.920367	9.986158	9.962524	10.00523	9.923718	9.973518	7.5190697	7.5186234	9.993567	7.4987545	2.5552793	3.7087054	2.5264823	15.016164	19.97561	9.968524	9.958407	19.872084	26.452087	-2	400.57443	411.8759	443.06934	490.57043	510.5386	560.52716	620.45294	665.3453	674.09467	681.64716	709.1922	754.26245	761.8014	764.91455	768.02026	779.3033	865.6148	884.488	899.4919	939.1895	1016.0073	1486.9644	1658.6499	1837.2971	1880.2906	1863.3413	1743.8542	1600.8833	1485.6028	1450.9125	1425.7504	1361.8907	1229.5438	1210.3899	1202.0857	1194.9937	1139.1744	931.98773	903.366	869.6893	802.0652	678.996	-2139095040
590.5	1625.5	28.347588662485183	-25.62042244617862	75.743225	79.19903	75.03894	61.12417	55.362408	42.94181	32.344334	28.487518	27.494278	26.65834	30.68901	41.656883	10.727978	19.90641	36.80605	39.732906	34.61874	33.663174	22.67337	7.340241	26.94717	1253	-25.621864	28.359182	185	13.542406	9.824989	9.919946	9.986111	9.962481	10.005331	9.92386	9.97331	7.518992	7.518877	9.993555	7.498829	2.5555768	3.7087953	2.526566	15.015767	19.97571	9.968542	9.95852	19.871101	26.48112	-2	400.57706	411.8786	443.0725	490.5737	510.5414	560.5299	620.4559	665.3483	674.0973	681.65	709.19507	754.2647	761.80426	764.91754	768.0232	779.3058	865.6183	884.49146	899.4953	939.19196	1016.0182	1487.0398	1658.6713	1837.3859	1880.3406	1863.2961	1743.8322	1600.8792	1485.5951	1450.901	1425.7386	1361.8726	1229.5441	1210.3889	1202.0608	1195.0027	1139.1635	931.98724	903.3604	869.6891	802.06085	678.98096	-2147483648
591.5	1625.5	28.35016295688453	-25.621125324987208	76.05004	79.30613	75.35479	61.515842	55.513836	42.97887	32.247623	28.154432	27.19946	26.49593	29.493334	37.40192	9.790873	17.752262	33.097527	35.39002	30.092964	29.06549	19.394808	6.289304	22.782253	1249	-25.623484	28.3651	186	13.541775	9.825047	9.920086	9.986127	9.962496	10.005298	9.923813	9.97338	7.519018	7.5187926	9.99356	7.498804	2.5554776	3.7087653	2.5265381	15.0159	19.975676	9.968536	9.958483	19.87143	26.471401	-2	400.57617	411.8777	443.07144	490.5726	510.54047	560.529	620.4549	665.3473	674.09644	681.64905	709.1941	754.264	761.8033	764.91656	768.0222	779.30493	865.6171	884.4903	899.49414	939.19116	1016.0146	1487.0146	1658.6642	1837.3562	1880.324	1863.3112	1743.8395	1600.8806	1485.5977	1450.9048	1425.7426	1361.8785	1229.5441	1210.3892	1202.0691	1194.9996	1139.1671	931.9874	903.3623	869.68915	802.0623	678.98596	-1602224128
592.5	1625.5	28.352737251454634	-25.62182820379959	76.05004	79.30613	75.35479	61.515842	55.513836	42.97887	32.247623	28.154432	27.19946	26.49593	29.493334	37.40192	9.790873	17.752262	33.097527	35.39002	30.092964	29.06549	19.394808	6.289304	22.782253	1249	-25.623484	28.3651	186	13.541775	9.825047	9.920086	9.986127	9.962496	10.005298	9.923813	9.97338	7.519018	7.5187926	9.99356	7.498804	2.5554776	3.7087653	2.5265381	15.0159	19.975676	9.968536	9.958483	19.87143	26.471401	-2	400.57617	411.8777	443.07144	490.5726	510.54047	560.529	620.4549	665.3473	674.09644	681.64905	709.1941	754.264	761.8033	764.91656	768.0222	779.30493	865.6171	884.4903	899.49414	939.19116	1016.0146	1487.0146	1658.6642	1837.3562	1880.324	1863.3112	1743.8395	1600.8806	1485.5977	1450.9048	1425.7426	1361.8785	1229.5441	1210.3892	1202.0691	1194.9996	1139.1671	931.9874	903.3623	869.68915	802.0623	678.98596	-1610612736
593.5	1625.5	28.35531154618509	-25.622531082615545	76.09188	79.48016	75.48842	61.815357	55.776314	42.84298	32.194874	28.119371	27.22799	26.387657	28.885363	35.976402	9.161139	17.181282	31.617275	33.709072	28.890034	27.861074	18.861792	6.1456976	22.484066	1242	-25.625092	28.370975	187	13.541142	9.825104	9.920227	9.986143	9.96251	10.005264	9.923766	9.973449	7.519044	7.518708	9.993564	7.4987793	2.5553784	3.7087355	2.5265102	15.016031	19.975643	9.96853	9.958446	19.871756	26.461723	-2	400.5753	411.8768	443.0704	490.57153	510.53952	560.5281	620.4539	665.3463	674.0955	681.64813	709.1932	754.2632	761.80237	764.9156	768.02124	779.3041	865.61597	884.48914	899.493	939.1903	1016.0109	1486.9895	1658.657	1837.3267	1880.3073	1863.3263	1743.8469	1600.8821	1485.6002	1450.9087	1425.7463	1361.8848	1229.544	1210.3895	1202.0774	1194.9967	1139.1708	931.9876	903.36414	869.6892	802.0637	678.99097	-1602224128
594.5	1625.5	28.357885841065503	-25.623233961434874	76.09188	79.48016	75.48842	61.815357	55.776314	42.84298	32.194874	28.119371	27.22799	26.387657	28.885363	35.976402	9.161139	17.181282	31.617275	33.709072	28.890034	27.861074	18.861792	6.1456976	22.484066	1242	-25.625092	28.370975	187	13.541142	9.825104	9.920227	9.986143	9.96251	10.005264	9.923766	9.973449	7.519044	7.518708	9.993564	7.4987793	2.5553784	3.7087355	2.5265102	15.016031	19.975643	9.96853	9.958446	19.871756	26.461723	-2	400.5753	411.8768	443.0704	490.57153	510.53952	560.5281	620.4539	665.3463	674.0955	681.64813	709.1932	754.2632	761.80237	764.9156	768.02124	779.3041	865.61597	884.48914	899.493	939.1903	1016.0109	1486.9895	1658.657	1837.3267	1880.3073	1863.3263	1743.8469	1600.8821	1485.6002	1450.9087	1425.7463	1361.8848	1229.544	1210.3895	1202.0774	1194.9967	1139.1708	931.9876	903.36414	869.6892	802.0637	678.99097	-1610612736
595.5	1625.5	28.360460136085493	-25.623936840257347	76.119774	79.74791	76.15657	62.29919	56.291172	43.584206	33.408115	29.153688	28.19804	27.516788	28.527336	32.90937	8.561391	15.745184	28.730528	30.511562	24.837542	23.708862	15.879909	5.251422	18.419626	1247	-25.62674	28.376995	188	13.54051	9.825161	9.920367	9.986158	9.962524	10.00523	9.923718	9.973518	7.5190697	7.5186234	9.993567	7.4987545	2.5552793	3.7087054	2.5264823	15.016164	19.97561	9.968524	9.958407	19.872084	26.452087	-2	400.57443	411.8759	443.06934	490.57043	510.5386	560.52716	620.45294	665.3453	674.09467	681.64716	709.1922	754.26245	761.8014	764.91455	768.02026	779.3033	865.6148	884.488	899.4919	939.1895	1016.0073	1486.9644	1658.6499	1837.2971	1880.2906	1863.3413	1743.8542	1600.8833	1485.6028	1450.9125	1425.7504	1361.8907	1229.5438	1210.3899	1202.0857	1194.9937	1139.1744	931.98773	903.366	869.6893	802.0652	678.996	-1602224128
592.5	1626.5	28.351893224505446	-25.62436841055968	76.10583	79.48016	75.75568	62.19551	56.008503	43.79422	33.891655	30.038992	29.215641	28.429375	32.64127	42.938416	11.072832	20.442785	38.00184	40.798744	35.737858	34.845592	23.39747	7.516485	27.896835	1252	-25.62603	28.36428	186	13.541775	9.825047	9.920086	9.986127	9.962496	10.005298	9.923813	9.97338	7.519018	7.5187926	9.99356	7.498804	2.5554776	3.7087653	2.5265381	15.0159	19.975676	9.968536	9.958483	19.87143	26.471401	-2	400.57617	411.8777	443.07144	490.5726	510.54047	560.529	620.4549	665.3473	674.09644	681.64905	709.1941	754.264	761.8033	764.91656	768.0222	779.30493	865.6171	884.4903	899.49414	939.19116	1016.0146	1487.0146	1658.6642	1837.3562	1880.324	1863.3112	1743.8395	1600.8806	1485.5977	1450.9048	1425.7426	1361.8785	1229.5441	1210.3892	1202.0691	1194.9996	1139.1671	931.9874	903.3623	869.68915	802.0623	678.98596	-1610612736
593.5	1626.5	28.35446757788668	-25.625071288890073	76.036095	79.58726	75.65849	62.16095	56.09936	43.75716	33.777363	29.916277	28.939844	28.328836	32.10761	41.491295	10.780456	19.75934	36.642746	39.308693	34.37224	33.228703	22.467203	7.252119	26.924482	1244	-25.627636	28.370152	187	13.541142	9.825104	9.920227	9.986143	9.96251	10.005264	9.923766	9.973449	7.519044	7.518708	9.993564	7.4987793	2.5553784	3.7087355	2.5265102	15.016031	19.975643	9.96853	9.958446	19.871756	26.461723	-2	400.5753	411.8768	443.0704	490.57153	510.53952	560.5281	620.4539	665.3463	674.0955	681.64813	709.1932	754.2632	761.80237	764.9156	768.02124	779.3041	865.61597	884.48914	899.493	939.1903	1016.0109	1486.9895	1658.657	1837.3267	1880.3073	1863.3263	1743.8469	1600.8821	1485.6002	1450.9087	1425.7463	1361.8848	1229.544	1210.3895	1202.0774	1194.9967	1139.1708	931.9876	903.36414	869.6892	802.0637	678.99097	-1602224128
