# Exported mask 'geometry' on 08-Jun-2016 16:25:38.000025
# Product name: S3A_OL_1_EFR____20160605T074147_20160605T074447_20160606T174711_0180_005_049_3419_LN1_O_NT_001
# Product file location: D:\Projects\EO-SAT\Models\MarkCyano2014\S3Images\S3A_OL_1_EFR____20160605T074147_20160605T074447_20160606T174711_0180_005_049_3419_LN1_O_NT_001.SEN3\xfdumanifest.xml

# Wavelength:				400.0	412.5	442.5	490.0	510.0	560.0	620.0	665.0	673.75	681.25	708.75	753.75	761.25	764.375	767.5	778.75	865.0	885.0	900.0	940.0	1020.0	0.0	0.0	0.0	0.0	0.0	0.0	0.0	0.0	0.0	0.0	0.0	0.0	0.0	0.0	0.0	0.0	0.0	0.0	0.0	0.0	0.0	0.0	0.0	0.0	0.0	0.0	0.0	0.0	0.0	0.0	0.0	0.0	0.0	0.0	0.0	0.0	0.0	0.0	0.0	0.0	0.0	0.0	0.0	0.0	0.0	0.0	0.0	0.0	0.0	0.0	0.0	0.0	0.0	0.0	0.0	0.0	0.0	0.0	0.0	0.0	0.0	0.0	0.0	0.0	0.0	0.0	0.0	0.0	0.0
# Solar flux:				0.0	0.0	0.0	0.0	0.0	0.0	0.0	0.0	0.0	0.0	0.0	0.0	0.0	0.0	0.0	0.0	0.0	0.0	0.0	0.0	0.0	0.0	0.0	0.0	0.0	0.0	0.0	0.0	0.0	0.0	0.0	0.0	0.0	0.0	0.0	0.0	0.0	0.0	0.0	0.0	0.0	0.0	0.0	0.0	0.0	0.0	0.0	0.0	0.0	0.0	0.0	0.0	0.0	0.0	0.0	0.0	0.0	0.0	0.0	0.0	0.0	0.0	0.0	0.0	0.0	0.0	0.0	0.0	0.0	0.0	0.0	0.0	0.0	0.0	0.0	0.0	0.0	0.0	0.0	0.0	0.0	0.0	0.0	0.0	0.0	0.0	0.0	0.0	0.0	0.0
Pixel-X	Pixel-Y	Longitude	Latitude	Oa01_radiance	Oa02_radiance	Oa03_radiance	Oa04_radiance	Oa05_radiance	Oa06_radiance	Oa07_radiance	Oa08_radiance	Oa09_radiance	Oa10_radiance	Oa11_radiance	Oa12_radiance	Oa13_radiance	Oa14_radiance	Oa15_radiance	Oa16_radiance	Oa17_radiance	Oa18_radiance	Oa19_radiance	Oa20_radiance	Oa21_radiance	altitude	latitude	longitude	detector_index	FWHM_band_1	FWHM_band_2	FWHM_band_3	FWHM_band_4	FWHM_band_5	FWHM_band_6	FWHM_band_7	FWHM_band_8	FWHM_band_9	FWHM_band_10	FWHM_band_11	FWHM_band_12	FWHM_band_13	FWHM_band_14	FWHM_band_15	FWHM_band_16	FWHM_band_17	FWHM_band_18	FWHM_band_19	FWHM_band_20	FWHM_band_21	frame_offset	lambda0_band_1	lambda0_band_2	lambda0_band_3	lambda0_band_4	lambda0_band_5	lambda0_band_6	lambda0_band_7	lambda0_band_8	lambda0_band_9	lambda0_band_10	lambda0_band_11	lambda0_band_12	lambda0_band_13	lambda0_band_14	lambda0_band_15	lambda0_band_16	lambda0_band_17	lambda0_band_18	lambda0_band_19	lambda0_band_20	lambda0_band_21	solar_flux_band_1	solar_flux_band_2	solar_flux_band_3	solar_flux_band_4	solar_flux_band_5	solar_flux_band_6	solar_flux_band_7	solar_flux_band_8	solar_flux_band_9	solar_flux_band_10	solar_flux_band_11	solar_flux_band_12	solar_flux_band_13	solar_flux_band_14	solar_flux_band_15	solar_flux_band_16	solar_flux_band_17	solar_flux_band_18	solar_flux_band_19	solar_flux_band_20	solar_flux_band_21	quality_flags
2943.5	1027.5	28.36322059232783	-25.61384648517999	54.516712	56.842304	53.84047	44.22459	40.0378	33.25643	25.689083	22.500757	21.59789	21.167356	27.507298	42.29765	11.912478	21.082973	37.701572	40.49649	35.66391	34.6971	23.744434	7.820017	27.562994	1216	-25.611923	28.36661	1851	13.83773	9.822779	9.884447	9.98276	9.9477625	10.005468	9.955683	9.957487	7.523696	7.5355244	10.006129	7.5231495	2.8056939	3.7388647	2.7486432	15.042853	19.936789	9.970458	9.959835	19.862354	28.330246	-1	400.65933	412.0695	443.17694	490.70584	510.63235	560.57385	620.62665	665.3652	674.09906	681.65356	709.17285	754.2167	761.80945	764.90045	767.96625	779.2626	865.456	884.319	899.3102	939.0119	1015.95496	1486.6329	1660.2037	1841.8693	1884.2958	1860.7734	1744.189	1601.6941	1485.6356	1451.3555	1426.2621	1362.1853	1229.772	1212.1636	1202.7372	1193.88	1139.6797	931.823	904.12946	870.01044	802.51227	679.3051	-2147483648
2944.5	1027.5	28.365829799321038	-25.614432598893114	54.474873	57.243923	54.132023	44.558666	40.461803	33.688812	26.54187	23.482481	22.739128	22.358358	28.06798	40.620144	11.470165	20.33032	35.92106	38.820847	34.31801	33.55868	22.975079	7.633981	26.934206	1209	-25.61255	28.369385	1852	13.836975	9.822802	9.8843565	9.982847	9.947755	10.005509	9.955664	9.957462	7.5236163	7.5355706	10.006104	7.5230575	2.8059666	3.739075	2.7490335	15.042877	19.936893	9.970514	9.959872	19.86196	28.321129	-1	400.6586	412.06848	443.17593	490.70474	510.63132	560.5729	620.6257	665.36426	674.098	681.6525	709.172	754.2156	761.80817	764.89923	767.96515	779.2616	865.455	884.3181	899.3094	939.0105	1015.95294	1486.6149	1660.1965	1841.8434	1884.2805	1860.7894	1744.197	1601.6953	1485.6376	1451.3599	1426.2664	1362.1906	1229.7719	1212.1664	1202.7468	1193.8755	1139.6838	931.8215	904.1314	870.011	802.5147	679.30804	-2147483648
2945.5	1027.5	28.368439818546022	-25.615017194056673	54.614334	57.257313	54.119877	44.40891	40.290184	33.207016	26.21658	22.947792	22.092426	21.77059	27.284374	39.576202	11.155297	19.793945	34.92018	37.701984	32.972107	32.178276	21.974413	7.3173947	25.981298	1210	-25.613184	28.37219	1853	13.836221	9.822824	9.884266	9.982935	9.947747	10.005549	9.955646	9.9574375	7.5235367	7.5356164	10.006079	7.522965	2.8062394	3.7392852	2.7494237	15.042901	19.937	9.97057	9.9599085	19.861565	28.31202	-1	400.65787	412.0675	443.17493	490.7036	510.63028	560.57184	620.62463	665.36334	674.09705	681.6515	709.17114	754.21454	761.8069	764.898	767.964	779.2606	865.45404	884.3172	899.3086	939.0091	1015.9509	1486.5969	1660.1892	1841.8176	1884.2653	1860.8053	1744.205	1601.6965	1485.6395	1451.3643	1426.2706	1362.1958	1229.7716	1212.1691	1202.7563	1193.871	1139.6881	931.81995	904.13336	870.0114	802.5171	679.31104	-2139095040
2946.5	1027.5	28.371049838100724	-25.615601789223486	54.614334	57.257313	54.119877	44.40891	40.290184	33.207016	26.21658	22.947792	22.092426	21.77059	27.284374	39.576202	11.155297	19.793945	34.92018	37.701984	32.972107	32.178276	21.974413	7.3173947	25.981298	1210	-25.613184	28.37219	1853	13.836221	9.822824	9.884266	9.982935	9.947747	10.005549	9.955646	9.9574375	7.5235367	7.5356164	10.006079	7.522965	2.8062394	3.7392852	2.7494237	15.042901	19.937	9.97057	9.9599085	19.861565	28.31202	-1	400.65787	412.0675	443.17493	490.7036	510.63028	560.57184	620.62463	665.36334	674.09705	681.6515	709.17114	754.21454	761.8069	764.898	767.964	779.2606	865.45404	884.3172	899.3086	939.0091	1015.9509	1486.5969	1660.1892	1841.8176	1884.2653	1860.8053	1744.205	1601.6965	1485.6395	1451.3643	1426.2706	1362.1958	1229.7716	1212.1691	1202.7563	1193.871	1139.6881	931.81995	904.13336	870.0114	802.5171	679.31104	-2147483648
2947.5	1027.5	28.37365985797431	-25.616186384393426	54.79564	57.1636	53.56106	44.005714	40.007515	32.959938	25.908875	22.772484	22.092426	21.592714	27.230331	40.31776	11.230267	20.114038	35.557583	38.423145	33.66231	32.805233	22.51246	7.575233	26.20494	1220	-25.613817	28.375004	1854	13.835466	9.822846	9.884175	9.983022	9.94774	10.0055895	9.955627	9.957413	7.5234566	7.5356627	10.006054	7.522873	2.8065126	3.739496	2.7498143	15.042925	19.937105	9.970625	9.959946	19.86117	28.302917	-1	400.65714	412.06653	443.17392	490.7025	510.62924	560.57086	620.6236	665.36237	674.096	681.65045	709.1702	754.21344	761.8056	764.8968	767.9628	779.25964	865.45306	884.31635	899.3078	939.0077	1015.9489	1486.579	1660.1819	1841.7919	1884.2499	1860.8212	1744.2129	1601.6978	1485.6415	1451.3687	1426.2748	1362.201	1229.7715	1212.1718	1202.7659	1193.8665	1139.6923	931.8184	904.1353	870.01196	802.51953	679.3139	-2147483648
2942.5	1028.5	28.35990695249465	-25.615838784838694	54.86537	57.391182	54.42358	44.973377	41.057423	34.430042	27.47378	24.551857	23.785261	23.433353	29.027224	41.995266	11.800026	21.221394	37.222206	40.21545	35.427265	34.57611	23.603638	7.8950834	27.598648	1232	-25.613884	28.363152	1850	13.838486	9.822756	9.884538	9.982674	9.947769	10.005428	9.955701	9.957512	7.523776	7.5354786	10.006154	7.523242	2.8054214	3.7386544	2.7482529	15.042829	19.936684	9.970403	9.959798	19.86275	28.33937	-1	400.66006	412.07047	443.17795	490.70697	510.6334	560.5749	620.6277	665.36615	674.10004	681.6546	709.17377	754.2177	761.8107	764.9017	767.9674	779.26355	865.457	884.3198	899.311	939.01337	1015.957	1486.651	1660.211	1841.8951	1884.3112	1860.7576	1744.181	1601.6927	1485.6337	1451.3511	1426.2579	1362.1799	1229.7721	1212.161	1202.7277	1193.8844	1139.6754	931.82446	904.1275	870.0099	802.50977	679.3022	-2147483648
2943.5	1028.5	28.36251539478336	-25.616426416599758	54.976944	57.525055	54.702988	45.756725	41.582375	35.01067	28.335358	25.673828	24.869434	24.40781	30.08104	43.600777	12.174868	21.723162	38.87102	41.80625	37.35984	36.577972	25.082008	8.3650675	29.303509	1226	-25.614508	28.365929	1851	13.83773	9.822779	9.884447	9.98276	9.9477625	10.005468	9.955683	9.957487	7.523696	7.5355244	10.006129	7.5231495	2.8056939	3.7388647	2.7486432	15.042853	19.936789	9.970458	9.959835	19.862354	28.330246	-1	400.65933	412.0695	443.17694	490.70584	510.63235	560.57385	620.62665	665.3652	674.09906	681.65356	709.17285	754.2167	761.80945	764.90045	767.96625	779.2626	865.456	884.319	899.3102	939.0119	1015.95496	1486.6329	1660.2037	1841.8693	1884.2958	1860.7734	1744.189	1601.6941	1485.6356	1451.3555	1426.2621	1362.1853	1229.772	1212.1636	1202.7372	1193.88	1139.6797	931.823	904.12946	870.01044	802.51227	679.3051	-2147483648
2944.5	1028.5	28.365124654617684	-25.61701254159621	54.86537	57.377796	54.630096	45.169216	41.390568	34.6277	27.755112	24.779758	24.11812	23.688568	29.473068	42.391243	11.927472	21.333858	37.56461	40.512398	36.13719	35.230564	24.141684	8.08112	28.110754	1221	-25.615135	28.368708	1852	13.836975	9.822802	9.8843565	9.982847	9.947755	10.005509	9.955664	9.957462	7.5236163	7.5355706	10.006104	7.5230575	2.8059666	3.739075	2.7490335	15.042877	19.936893	9.970514	9.959872	19.86196	28.321129	-1	400.6586	412.06848	443.17593	490.70474	510.63132	560.5729	620.6257	665.36426	674.098	681.6525	709.172	754.2156	761.80817	764.89923	767.96515	779.2616	865.455	884.3181	899.3094	939.0105	1015.95294	1486.6149	1660.1965	1841.8434	1884.2805	1860.7894	1744.197	1601.6953	1485.6376	1451.3599	1426.2664	1362.1906	1229.7719	1212.1664	1202.7468	1193.8755	1139.6838	931.8215	904.1314	870.011	802.5147	679.30804	-2147483648
2945.5	1028.5	28.36773473250642	-25.61759715983375	54.767746	57.257313	54.132023	44.547146	40.300278	33.231724	25.970415	22.974087	22.19704	21.693253	26.494013	38.251472	10.705487	19.361385	33.62957	36.254353	31.591696	30.643883	21.189972	7.085666	24.58435	1219	-25.615768	28.371506	1853	13.836221	9.822824	9.884266	9.982935	9.947747	10.005549	9.955646	9.9574375	7.5235367	7.5356164	10.006079	7.522965	2.8062394	3.7392852	2.7494237	15.042901	19.937	9.97057	9.9599085	19.861565	28.31202	-1	400.65787	412.0675	443.17493	490.7036	510.63028	560.57184	620.62463	665.36334	674.09705	681.6515	709.17114	754.21454	761.8069	764.898	767.964	779.2606	865.45404	884.3172	899.3086	939.0091	1015.9509	1486.5969	1660.1892	1841.8176	1884.2653	1860.8053	1744.205	1601.6965	1485.6395	1451.3643	1426.2706	1362.1958	1229.7716	1212.1691	1202.7563	1193.871	1139.6881	931.81995	904.13336	870.0114	802.5171	679.31104	-2139095040
2946.5	1028.5	28.370344810724916	-25.618181778074987	54.767746	57.257313	54.132023	44.547146	40.300278	33.231724	25.970415	22.974087	22.19704	21.693253	26.494013	38.251472	10.705487	19.361385	33.62957	36.254353	31.591696	30.643883	21.189972	7.085666	24.58435	1219	-25.615768	28.371506	1853	13.836221	9.822824	9.884266	9.982935	9.947747	10.005549	9.955646	9.9574375	7.5235367	7.5356164	10.006079	7.522965	2.8062394	3.7392852	2.7494237	15.042901	19.937	9.97057	9.9599085	19.861565	28.31202	-1	400.65787	412.0675	443.17493	490.7036	510.63028	560.57184	620.62463	665.36334	674.09705	681.6515	709.17114	754.21454	761.8069	764.898	767.964	779.2606	865.45404	884.3172	899.3086	939.0091	1015.9509	1486.5969	1660.1892	1841.8176	1884.2653	1860.8053	1744.205	1601.6965	1485.6395	1451.3643	1426.2706	1362.1958	1229.7716	1212.1691	1202.7563	1193.871	1139.6881	931.81995	904.13336	870.0114	802.5171	679.31104	-2147483648
2947.5	1028.5	28.372954889262346	-25.6187663963198	54.893265	57.498283	54.144173	44.604744	40.61323	33.305847	26.840784	23.947046	23.205132	22.899723	27.689688	38.532257	10.952883	19.274874	34.14055	36.774017	32.12907	31.325836	21.381054	7.2325363	25.122387	1228	-25.616402	28.37432	1854	13.835466	9.822846	9.884175	9.983022	9.94774	10.0055895	9.955627	9.957413	7.5234566	7.5356627	10.006054	7.522873	2.8065126	3.739496	2.7498143	15.042925	19.937105	9.970625	9.959946	19.86117	28.302917	-1	400.65714	412.06653	443.17392	490.7025	510.62924	560.57086	620.6236	665.36237	674.096	681.65045	709.1702	754.21344	761.8056	764.8968	767.9628	779.25964	865.45306	884.31635	899.3078	939.0077	1015.9489	1486.579	1660.1819	1841.7919	1884.2499	1860.8212	1744.2129	1601.6978	1485.6415	1451.3687	1426.2748	1362.201	1229.7715	1212.1718	1202.7659	1193.8665	1139.6923	931.8184	904.1353	870.01196	802.51953	679.3139	-2147483648
2948.5	1028.5	28.37556496810787	-25.61935101456806	54.684067	57.284084	54.132023	44.673862	40.61323	33.55292	27.122116	24.516796	23.832811	23.44882	27.878834	38.14348	10.862921	19.093199	33.898228	36.371014	31.670576	30.775873	21.2302	7.2325363	24.88902	1237	-25.617037	28.377132	1855	13.834712	9.822869	9.884085	9.983109	9.947732	10.0056305	9.955609	9.957388	7.523377	7.535709	10.006029	7.522781	2.8067858	3.7397065	2.750205	15.042949	19.937212	9.97068	9.959983	19.860773	28.293821	-1	400.6564	412.06555	443.1729	490.7014	510.6282	560.5699	620.62256	665.36145	674.09503	681.6494	709.1694	754.2124	761.8043	764.8955	767.96173	779.25867	865.4521	884.3155	899.307	939.0063	1015.9469	1486.5609	1660.1744	1841.7661	1884.2347	1860.837	1744.2208	1601.6991	1485.6434	1451.373	1426.279	1362.2064	1229.7714	1212.1746	1202.7754	1193.8618	1139.6965	931.81696	904.13727	870.0125	802.522	679.3169	-2147483648
2942.5	1029.5	28.359202459233018	-25.61841796492585	54.48882	56.90924	53.755432	44.650826	40.38104	33.19466	26.040749	23.017914	22.358715	21.878864	25.710405	34.061306	9.753388	17.337004	30.216043	32.45764	28.387169	27.580595	19.002588	6.4720755	21.628393	1241	-25.616468	28.362465	1850	13.838486	9.822756	9.884538	9.982674	9.947769	10.005428	9.955701	9.957512	7.523776	7.5354786	10.006154	7.523242	2.8054214	3.7386544	2.7482529	15.042829	19.936684	9.970403	9.959798	19.86275	28.33937	-1	400.66006	412.07047	443.17795	490.70697	510.6334	560.5749	620.6277	665.36615	674.10004	681.6546	709.17377	754.2177	761.8107	764.9017	767.9674	779.26355	865.457	884.3198	899.311	939.01337	1015.957	1486.651	1660.211	1841.8951	1884.3112	1860.7576	1744.181	1601.6927	1485.6337	1451.3511	1426.2579	1362.1799	1229.7721	1212.161	1202.7277	1193.8844	1139.6754	931.82446	904.1275	870.0099	802.50977	679.3022	-2147483648
2943.5	1029.5	28.36181094852113	-25.619005584155158	55.144302	58.006996	55.164616	46.125362	42.248665	35.54188	29.021103	26.18222	25.33544	25.12705	29.81083	41.07372	11.777535	20.736925	36.416233	39.351112	35.52094	34.669605	23.850033	8.055009	27.25184	1236	-25.617094	28.365244	1851	13.83773	9.822779	9.884447	9.98276	9.9477625	10.005468	9.955683	9.957487	7.523696	7.5355244	10.006129	7.5231495	2.8056939	3.7388647	2.7486432	15.042853	19.936789	9.970458	9.959835	19.862354	28.330246	-1	400.65933	412.0695	443.17694	490.70584	510.63235	560.57385	620.62665	665.3652	674.09906	681.65356	709.17285	754.2167	761.80945	764.90045	767.96625	779.2626	865.456	884.319	899.3102	939.0119	1015.95496	1486.6329	1660.2037	1841.8693	1884.2958	1860.7734	1744.189	1601.6941	1485.6356	1451.3555	1426.2621	1362.1853	1229.772	1212.1636	1202.7372	1193.88	1139.6797	931.823	904.12946	870.01044	802.51227	679.3051	-2147483648
2944.5	1029.5	28.36442026117802	-25.619591714425486	54.935104	57.685703	54.67869	45.238335	41.27952	34.306503	27.271574	24.332724	23.633097	23.108534	27.122248	36.501972	10.503073	18.67794	32.744583	34.780212	30.364115	29.543959	20.254677	6.8735204	22.921625	1232	-25.617722	28.368029	1852	13.836975	9.822802	9.8843565	9.982847	9.947755	10.005509	9.955664	9.957462	7.5236163	7.5355706	10.006104	7.5230575	2.8059666	3.739075	2.7490335	15.042877	19.936893	9.970514	9.959872	19.86196	28.321129	-1	400.6586	412.06848	443.17593	490.70474	510.63132	560.5729	620.6257	665.36426	674.098	681.6525	709.172	754.2156	761.80817	764.89923	767.96515	779.2616	865.455	884.3181	899.3094	939.0105	1015.95294	1486.6149	1660.1965	1841.8434	1884.2805	1860.7894	1744.197	1601.6953	1485.6376	1451.3599	1426.2664	1362.1906	1229.7719	1212.1664	1202.7468	1193.8755	1139.6838	931.8215	904.1314	870.011	802.5147	679.30804	-2147483648
2945.5	1029.5	28.36703039771206	-25.620176355742732	54.809586	57.257313	53.548916	44.097874	39.59361	31.749266	23.825262	20.844097	19.99065	19.504593	21.630247	26.825708	7.849191	13.668896	23.531218	24.922548	20.405436	19.666641	13.320416	4.569292	15.074728	1229	-25.61835	28.370811	1853	13.836221	9.822824	9.884266	9.982935	9.947747	10.005549	9.955646	9.9574375	7.5235367	7.5356164	10.006079	7.522965	2.8062394	3.7392852	2.7494237	15.042901	19.937	9.97057	9.9599085	19.861565	28.31202	-1	400.65787	412.0675	443.17493	490.7036	510.63028	560.57184	620.62463	665.36334	674.09705	681.6515	709.17114	754.21454	761.8069	764.898	767.964	779.2606	865.45404	884.3172	899.3086	939.0091	1015.9509	1486.5969	1660.1892	1841.8176	1884.2653	1860.8053	1744.205	1601.6965	1485.6395	1451.3643	1426.2706	1362.1958	1229.7716	1212.1691	1202.7563	1193.871	1139.6881	931.81995	904.13336	870.0114	802.5171	679.31104	-2139095040
2946.5	1029.5	28.369640534575904	-25.62076099706412	54.809586	57.257313	53.548916	44.097874	39.59361	31.749266	23.825262	20.844097	19.99065	19.504593	21.630247	26.825708	7.849191	13.668896	23.531218	24.922548	20.405436	19.666641	13.320416	4.569292	15.074728	1229	-25.61835	28.370811	1853	13.836221	9.822824	9.884266	9.982935	9.947747	10.005549	9.955646	9.9574375	7.5235367	7.5356164	10.006079	7.522965	2.8062394	3.7392852	2.7494237	15.042901	19.937	9.97057	9.9599085	19.861565	28.31202	-1	400.65787	412.0675	443.17493	490.7036	510.63028	560.57184	620.62463	665.36334	674.09705	681.6515	709.17114	754.21454	761.8069	764.898	767.964	779.2606	865.45404	884.3172	899.3086	939.0091	1015.9509	1486.5969	1660.1892	1841.8176	1884.2653	1860.8053	1744.205	1601.6965	1485.6395	1451.3643	1426.2706	1362.1958	1229.7716	1212.1691	1202.7563	1193.871	1139.6881	931.81995	904.13336	870.0114	802.5171	679.31104	-2147483648
2947.5	1029.5	28.372250671758728	-25.621345638389528	54.739853	56.895855	53.597507	43.67164	39.55323	31.625729	24.317593	21.256071	20.551758	20.045958	22.988049	30.547903	8.778799	15.554857	26.955282	28.66093	24.369186	23.620869	16.2671	5.633284	18.659473	1237	-25.618986	28.373634	1854	13.835466	9.822846	9.884175	9.983022	9.94774	10.0055895	9.955627	9.957413	7.5234566	7.5356627	10.006054	7.522873	2.8065126	3.739496	2.7498143	15.042925	19.937105	9.970625	9.959946	19.86117	28.302917	-1	400.65714	412.06653	443.17392	490.7025	510.62924	560.57086	620.6236	665.36237	674.096	681.65045	709.1702	754.21344	761.8056	764.8968	767.9628	779.25964	865.45306	884.31635	899.3078	939.0077	1015.9489	1486.579	1660.1819	1841.7919	1884.2499	1860.8212	1744.2129	1601.6978	1485.6415	1451.3687	1426.2748	1362.201	1229.7715	1212.1718	1202.7659	1193.8665	1139.6923	931.8184	904.1353	870.01196	802.51953	679.3139	-2147483648
2948.5	1029.5	28.37486080924969	-25.621930279718832	54.335407	57.056503	53.52462	43.832916	39.55323	31.946928	24.950588	21.80829	21.008253	20.571856	23.602774	31.613443	9.243604	15.9787655	27.998304	29.65253	25.296034	24.522806	16.815203	5.8062644	19.11972	1246	-25.61962	28.376444	1855	13.834712	9.822869	9.884085	9.983109	9.947732	10.0056305	9.955609	9.957388	7.523377	7.535709	10.006029	7.522781	2.8067858	3.7397065	2.750205	15.042949	19.937212	9.97068	9.959983	19.860773	28.293821	-1	400.6564	412.06555	443.1729	490.7014	510.6282	560.5699	620.62256	665.36145	674.09503	681.6494	709.1694	754.2124	761.8043	764.8955	767.96173	779.25867	865.4521	884.3155	899.307	939.0063	1015.9469	1486.5609	1660.1744	1841.7661	1884.2347	1860.837	1744.2208	1601.6991	1485.6434	1451.373	1426.279	1362.2064	1229.7714	1212.1746	1202.7754	1193.8618	1139.6965	931.81696	904.13727	870.0125	802.522	679.3169	-2147483648
2949.5	1029.5	28.37747094703796	-25.622514921051913	54.94905	57.525055	54.435726	45.065536	41.269424	34.059425	27.675987	25.130373	24.346369	24.02112	27.581604	36.941147	10.6755	18.504917	32.291553	35.11428	30.487366	29.604454	20.581528	6.981225	23.060995	1254	-25.620253	28.379244	1856	13.833958	9.822892	9.883994	9.983196	9.947724	10.005671	9.955591	9.957363	7.5232973	7.535755	10.006004	7.522689	2.8070593	3.7399173	2.7505958	15.042973	19.937317	9.9707365	9.960019	19.860378	28.284733	-1	400.65567	412.06458	443.1719	490.7003	510.62717	560.56885	620.6215	665.3605	674.094	681.6484	709.1685	754.21136	761.80304	764.8943	767.9606	779.2577	865.4511	884.31464	899.3062	939.0048	1015.9449	1486.5431	1660.1671	1841.7402	1884.2195	1860.8529	1744.2289	1601.7002	1485.6454	1451.3774	1426.2833	1362.2115	1229.7712	1212.1772	1202.785	1193.8573	1139.7008	931.8155	904.1393	870.01306	802.52435	679.31976	-2147483648
2941.5	1030.5	28.35588940000701	-25.620410187663147	54.27962	56.815533	53.3181	43.809875	39.492657	32.132233	24.018677	21.089529	20.076244	19.775276	22.244972	28.020844	8.029116	13.764059	24.36353	26.45502	22.43168	21.646503	15.075353	5.208993	17.366241	1248	-25.61842	28.358984	1849	13.839241	9.822733	9.884628	9.982587	9.947777	10.005388	9.955719	9.957537	7.5238557	7.535433	10.006179	7.523334	2.805149	3.7384443	2.7478628	15.042805	19.936577	9.970347	9.959762	19.863144	28.348501	-1	400.6608	412.07144	443.17896	490.70807	510.63443	560.57587	620.6287	665.36707	674.1011	681.65564	709.1746	754.2188	761.812	764.90295	767.96857	779.2645	865.45795	884.3207	899.3117	939.0148	1015.959	1486.6691	1660.2185	1841.9208	1884.3264	1860.7415	1744.1731	1601.6915	1485.6317	1451.3467	1426.2537	1362.1747	1229.7723	1212.1583	1202.7181	1193.8889	1139.6711	931.826	904.12555	870.0094	802.5073	679.29926	-1610612736
2942.5	1030.5	28.35849794836375	-25.620997829974417	54.656174	56.761982	53.245213	43.406685	39.310944	31.835743	23.860428	20.633728	19.771914	19.249378	21.373549	25.70977	7.3843875	12.898939	22.3565	24.058214	19.82369	18.935192	13.174591	4.494225	14.630687	1247	-25.61905	28.361774	1850	13.838486	9.822756	9.884538	9.982674	9.947769	10.005428	9.955701	9.957512	7.523776	7.5354786	10.006154	7.523242	2.8054214	3.7386544	2.7482529	15.042829	19.936684	9.970403	9.959798	19.86275	28.33937	-1	400.66006	412.07047	443.17795	490.70697	510.6334	560.5749	620.6277	665.36615	674.10004	681.6546	709.17377	754.2177	761.8107	764.9017	767.9674	779.26355	865.457	884.3198	899.311	939.01337	1015.957	1486.651	1660.211	1841.8951	1884.3112	1860.7576	1744.181	1601.6927	1485.6337	1451.3511	1426.2579	1362.1799	1229.7721	1212.161	1202.7277	1193.8844	1139.6754	931.82446	904.1275	870.0099	802.50977	679.3022	-2147483648
2943.5	1030.5	28.36110649639053	-25.62158547228261	54.698013	57.056503	53.427433	43.971153	39.654182	32.28048	24.484632	21.422613	20.58029	20.084627	22.353056	28.215233	8.20904	14.49076	25.227448	26.624706	22.480982	21.663004	14.929527	5.1535087	16.487883	1245	-25.619678	28.36456	1851	13.83773	9.822779	9.884447	9.98276	9.9477625	10.005468	9.955683	9.957487	7.523696	7.5355244	10.006129	7.5231495	2.8056939	3.7388647	2.7486432	15.042853	19.936789	9.970458	9.959835	19.862354	28.330246	-1	400.65933	412.0695	443.17694	490.70584	510.63235	560.57385	620.62665	665.3652	674.09906	681.65356	709.17285	754.2167	761.80945	764.90045	767.96625	779.2626	865.456	884.319	899.3102	939.0119	1015.95496	1486.6329	1660.2037	1841.8693	1884.2958	1860.7734	1744.189	1601.6941	1485.6356	1451.3555	1426.2621	1362.1853	1229.772	1212.1636	1202.7372	1193.88	1139.6797	931.823	904.12946	870.01044	802.51227	679.3051	-2147483648
2944.5	1030.5	28.363715867739398	-25.622171620117733	54.55855	57.029728	53.3181	43.4182	39.27056	31.2057	23.007643	19.85361	19.00158	18.390928	19.360489	21.829187	6.409798	11.237908	19.111542	20.012276	15.815568	15.041461	10.258079	3.5575202	11.055665	1242	-25.620308	28.367346	1852	13.836975	9.822802	9.8843565	9.982847	9.947755	10.005509	9.955664	9.957462	7.5236163	7.5355706	10.006104	7.5230575	2.8059666	3.739075	2.7490335	15.042877	19.936893	9.970514	9.959872	19.86196	28.321129	-1	400.6586	412.06848	443.17593	490.70474	510.63132	560.5729	620.6257	665.36426	674.098	681.6525	709.172	754.2156	761.80817	764.89923	767.96515	779.2616	865.455	884.3181	899.3094	939.0105	1015.95294	1486.6149	1660.1965	1841.8434	1884.2805	1860.7894	1744.197	1601.6953	1485.6376	1451.3599	1426.2664	1362.1906	1229.7719	1212.1664	1202.7468	1193.8755	1139.6838	931.8215	904.1314	870.011	802.5147	679.30804	-2147483648
2945.5	1030.5	28.366326062918738	-25.622756273484857	54.516712	56.761982	53.038692	42.92285	38.57399	29.957966	21.46911	18.144358	17.365808	16.774569	15.800483	14.514394	4.3331733	7.232403	12.6005535	12.779434	8.6818	7.891955	5.3352065	1.9354215	5.5424175	1240	-25.620935	28.370136	1853	13.836221	9.822824	9.884266	9.982935	9.947747	10.005549	9.955646	9.9574375	7.5235367	7.5356164	10.006079	7.522965	2.8062394	3.7392852	2.7494237	15.042901	19.937	9.97057	9.9599085	19.861565	28.31202	-1	400.65787	412.0675	443.17493	490.7036	510.63028	560.57184	620.62463	665.36334	674.09705	681.6515	709.17114	754.21454	761.8069	764.898	767.964	779.2606	865.45404	884.3172	899.3086	939.0091	1015.9509	1486.5969	1660.1892	1841.8176	1884.2653	1860.8053	1744.205	1601.6965	1485.6395	1451.3643	1426.2706	1362.1958	1229.7716	1212.1691	1202.7563	1193.871	1139.6881	931.81995	904.13336	870.0114	802.5171	679.31104	-2139095040
2946.5	1030.5	28.368936258427926	-25.623340926855473	54.516712	56.761982	53.038692	42.92285	38.57399	29.957966	21.46911	18.144358	17.365808	16.774569	15.800483	14.514394	4.3331733	7.232403	12.6005535	12.779434	8.6818	7.891955	5.3352065	1.9354215	5.5424175	1240	-25.620935	28.370136	1853	13.836221	9.822824	9.884266	9.982935	9.947747	10.005549	9.955646	9.9574375	7.5235367	7.5356164	10.006079	7.522965	2.8062394	3.7392852	2.7494237	15.042901	19.937	9.97057	9.9599085	19.861565	28.31202	-1	400.65787	412.0675	443.17493	490.7036	510.63028	560.57184	620.62463	665.36334	674.09705	681.6515	709.17114	754.21454	761.8069	764.898	767.964	779.2606	865.45404	884.3172	899.3086	939.0091	1015.9509	1486.5969	1660.1892	1841.8176	1884.2653	1860.8053	1744.205	1601.6965	1485.6395	1451.3643	1426.2706	1362.1958	1229.7716	1212.1691	1202.7563	1193.871	1139.6881	931.81995	904.13336	870.0114	802.5171	679.31104	-2147483648
2947.5	1030.5	28.371546454256134	-25.623925580229447	54.62828	56.815533	52.965805	43.01501	38.63456	30.16798	21.908691	18.521269	17.812792	17.022049	16.665152	16.760668	4.9404173	8.400315	14.270443	14.91641	10.752417	10.108301	6.7984915	2.4119334	7.4093375	1243	-25.621569	28.372932	1854	13.835466	9.822846	9.884175	9.983022	9.94774	10.0055895	9.955627	9.957413	7.5234566	7.5356627	10.006054	7.522873	2.8065126	3.739496	2.7498143	15.042925	19.937105	9.970625	9.959946	19.86117	28.302917	-1	400.65714	412.06653	443.17392	490.7025	510.62924	560.57086	620.6236	665.36237	674.096	681.65045	709.1702	754.21344	761.8056	764.8968	767.9628	779.25964	865.45306	884.31635	899.3078	939.0077	1015.9489	1486.579	1660.1819	1841.7919	1884.2499	1860.8212	1744.2129	1601.6978	1485.6415	1451.3687	1426.2748	1362.201	1229.7715	1212.1718	1202.7659	1193.8665	1139.6923	931.8184	904.1353	870.01196	802.51953	679.3139	-2147483648
2948.5	1030.5	28.374156650392518	-25.62451023360667	54.83748	57.1636	54.107727	44.593224	40.239708	32.564617	25.249502	22.316683	21.57887	21.128687	22.765125	27.761658	7.811707	13.746757	24.089603	25.945965	21.697105	20.893057	14.401538	5.04254	16.306377	1248	-25.6222	28.375732	1855	13.834712	9.822869	9.884085	9.983109	9.947732	10.0056305	9.955609	9.957388	7.523377	7.535709	10.006029	7.522781	2.8067858	3.7397065	2.750205	15.042949	19.937212	9.97068	9.959983	19.860773	28.293821	-1	400.6564	412.06555	443.1729	490.7014	510.6282	560.5699	620.62256	665.36145	674.09503	681.6494	709.1694	754.2124	761.8043	764.8955	767.96173	779.25867	865.4521	884.3155	899.307	939.0063	1015.9469	1486.5609	1660.1744	1841.7661	1884.2347	1860.837	1744.2208	1601.6991	1485.6434	1451.373	1426.279	1362.2064	1229.7714	1212.1746	1202.7754	1193.8618	1139.6965	931.81696	904.13727	870.0125	802.522	679.3169	-2147483648
2949.5	1030.5	28.37676684682625	-25.625094886987007	55.15825	57.91329	55.38328	46.10232	42.08714	34.924194	28.607899	25.80531	25.116703	24.670757	27.93963	36.811554	10.608028	18.39245	32.554943	35.08777	30.408485	29.450464	20.274792	6.971434	22.911901	1253	-25.62283	28.378532	1856	13.833958	9.822892	9.883994	9.983196	9.947724	10.005671	9.955591	9.957363	7.5232973	7.535755	10.006004	7.522689	2.8070593	3.7399173	2.7505958	15.042973	19.937317	9.9707365	9.960019	19.860378	28.284733	-1	400.65567	412.06458	443.1719	490.7003	510.62717	560.56885	620.6215	665.3605	674.094	681.6484	709.1685	754.21136	761.80304	764.8943	767.9606	779.2577	865.4511	884.31464	899.3062	939.0048	1015.9449	1486.5431	1660.1671	1841.7402	1884.2195	1860.8529	1744.2289	1601.7002	1485.6454	1451.3774	1426.2833	1362.2115	1229.7712	1212.1772	1202.785	1193.8573	1139.7008	931.8155	904.1393	870.01306	802.52435	679.31976	-2147483648
2941.5	1031.5	28.355184830400393	-25.62299011881672	54.391193	56.989567	53.816174	44.374348	40.40123	33.25643	26.717701	24.131119	23.661627	23.22454	27.662666	37.214733	10.795449	18.868267	32.791992	35.64985	31.94666	31.320335	21.748133	7.464265	25.232586	1254	-25.621004	28.35829	1849	13.839241	9.822733	9.884628	9.982587	9.947777	10.005388	9.955719	9.957537	7.5238557	7.535433	10.006179	7.523334	2.805149	3.7384443	2.7478628	15.042805	19.936577	9.970347	9.959762	19.863144	28.348501	-1	400.6608	412.07144	443.17896	490.70807	510.63443	560.57587	620.6287	665.36707	674.1011	681.65564	709.1746	754.2188	761.812	764.90295	767.96857	779.2645	865.45795	884.3207	899.3117	939.0148	1015.959	1486.6691	1660.2185	1841.9208	1884.3264	1860.7415	1744.1731	1601.6915	1485.6317	1451.3467	1426.2537	1362.1747	1229.7723	1212.1583	1202.7181	1193.8889	1139.6711	931.826	904.12555	870.0094	802.5073	679.29926	-1610612736
2942.5	1031.5	28.35779343749576	-25.623577761113772	54.614334	57.08328	53.743286	44.650826	40.451706	33.009354	26.304497	23.684084	22.900803	22.435696	26.25758	34.91086	9.9633	17.553284	30.579521	33.31137	29.521078	28.878504	20.159136	6.9942803	23.330013	1252	-25.621632	28.36108	1850	13.838486	9.822756	9.884538	9.982674	9.947769	10.005428	9.955701	9.957512	7.523776	7.5354786	10.006154	7.523242	2.8054214	3.7386544	2.7482529	15.042829	19.936684	9.970403	9.959798	19.86275	28.33937	-1	400.66006	412.07047	443.17795	490.70697	510.6334	560.5749	620.6277	665.36615	674.10004	681.6546	709.17377	754.2177	761.8107	764.9017	767.9674	779.26355	865.457	884.3198	899.311	939.01337	1015.957	1486.651	1660.211	1841.8951	1884.3112	1860.7576	1744.181	1601.6927	1485.6337	1451.3511	1426.2579	1362.1799	1229.7721	1212.161	1202.7277	1193.8844	1139.6754	931.82446	904.1275	870.0099	802.50977	679.3022	-2147483648
2943.5	1031.5	28.360402044261203	-25.62416540340721	54.5725	56.949406	53.37884	43.867477	39.502754	31.72456	23.658222	20.57237	19.714851	19.326715	20.576431	23.830675	6.9195833	11.756981	20.71295	22.075014	18.103106	17.252308	11.972787	4.2396502	13.557856	1250	-25.622261	28.363869	1851	13.83773	9.822779	9.884447	9.98276	9.9477625	10.005468	9.955683	9.957487	7.523696	7.5355244	10.006129	7.5231495	2.8056939	3.7388647	2.7486432	15.042853	19.936789	9.970458	9.959835	19.862354	28.330246	-1	400.65933	412.0695	443.17694	490.70584	510.63235	560.57385	620.62665	665.3652	674.09906	681.65356	709.17285	754.2167	761.80945	764.90045	767.96625	779.2626	865.456	884.319	899.3102	939.0119	1015.95496	1486.6329	1660.2037	1841.8693	1884.2958	1860.7734	1744.189	1601.6941	1485.6356	1451.3555	1426.2621	1362.1853	1229.772	1212.1636	1202.7372	1193.88	1139.6797	931.823	904.12946	870.01044	802.51227	679.3051	-2147483648
2944.5	1031.5	28.363011474302038	-25.624751557003993	54.44698	56.82892	53.014397	43.233887	38.876846	30.674486	21.908691	18.600159	17.651117	17.12259	16.58409	15.083161	4.648041	7.708219	12.953496	13.511203	9.357216	8.634403	5.938623	2.2128427	6.038318	1246	-25.622889	28.366652	1852	13.836975	9.822802	9.8843565	9.982847	9.947755	10.005509	9.955664	9.957462	7.5236163	7.5355706	10.006104	7.5230575	2.8059666	3.739075	2.7490335	15.042877	19.936893	9.970514	9.959872	19.86196	28.321129	-1	400.6586	412.06848	443.17593	490.70474	510.63132	560.5729	620.6257	665.36426	674.098	681.6525	709.172	754.2156	761.80817	764.89923	767.96515	779.2616	865.455	884.3181	899.3094	939.0105	1015.95294	1486.6149	1660.1965	1841.8434	1884.2805	1860.7894	1744.197	1601.6953	1485.6376	1451.3599	1426.2664	1362.1906	1229.7719	1212.1664	1202.7468	1193.8755	1139.6838	931.8215	904.1314	870.011	802.5147	679.30804	-1610612736
2945.5	1031.5	28.365621728126666	-25.625336221909567	54.391193	56.96279	52.86862	43.00349	38.796085	30.303871	21.592194	18.32843	17.308746	16.813238	15.685644	13.880829	4.160746	6.9642158	11.8472595	12.15372	8.149356	7.347492	5.083783	1.8734096	5.072447	1243	-25.623516	28.369436	1853	13.836221	9.822824	9.884266	9.982935	9.947747	10.005549	9.955646	9.9574375	7.5235367	7.5356164	10.006079	7.522965	2.8062394	3.7392852	2.7494237	15.042901	19.937	9.97057	9.9599085	19.861565	28.31202	-1	400.65787	412.0675	443.17493	490.7036	510.63028	560.57184	620.62463	665.36334	674.09705	681.6515	709.17114	754.21454	761.8069	764.898	767.964	779.2606	865.45404	884.3172	899.3086	939.0091	1015.9509	1486.5969	1660.1892	1841.8176	1884.2653	1860.8053	1744.205	1601.6965	1485.6395	1451.3643	1426.2706	1362.1958	1229.7716	1212.1691	1202.7563	1193.871	1139.6881	931.81995	904.13336	870.0114	802.5171	679.31104	-1602224128
2946.5	1031.5	28.368231982281184	-25.625920886818577	54.391193	56.96279	52.86862	43.00349	38.796085	30.303871	21.592194	18.32843	17.308746	16.813238	15.685644	13.880829	4.160746	6.9642158	11.8472595	12.15372	8.149356	7.347492	5.083783	1.8734096	5.072447	1243	-25.623516	28.369436	1853	13.836221	9.822824	9.884266	9.982935	9.947747	10.005549	9.955646	9.9574375	7.5235367	7.5356164	10.006079	7.522965	2.8062394	3.7392852	2.7494237	15.042901	19.937	9.97057	9.9599085	19.861565	28.31202	-1	400.65787	412.0675	443.17493	490.7036	510.63028	560.57184	620.62463	665.36334	674.09705	681.6515	709.17114	754.21454	761.8069	764.898	767.964	779.2606	865.45404	884.3172	899.3086	939.0091	1015.9509	1486.5969	1660.1892	1841.8176	1884.2653	1860.8053	1744.205	1601.6965	1485.6395	1451.3643	1426.2706	1362.1958	1229.7716	1212.1691	1202.7563	1193.871	1139.6881	931.81995	904.13336	870.0114	802.5171	679.31104	-1610612736
2947.5	1031.5	28.370842236754765	-25.626505551730904	54.586445	56.802143	52.92936	43.06109	38.63456	30.118565	21.706484	18.34596	17.641607	17.022049	16.00314	14.737581	4.4231353	7.3362174	12.453055	13.134713	8.977603	8.221931	5.5564594	2.0104885	5.490559	1243	-25.624146	28.372225	1854	13.835466	9.822846	9.884175	9.983022	9.94774	10.0055895	9.955627	9.957413	7.5234566	7.5356627	10.006054	7.522873	2.8065126	3.739496	2.7498143	15.042925	19.937105	9.970625	9.959946	19.86117	28.302917	-1	400.65714	412.06653	443.17392	490.7025	510.62924	560.57086	620.6236	665.36237	674.096	681.65045	709.1702	754.21344	761.8056	764.8968	767.9628	779.25964	865.45306	884.31635	899.3078	939.0077	1015.9489	1486.579	1660.1819	1841.7919	1884.2499	1860.8212	1744.2129	1601.6978	1485.6415	1451.3687	1426.2748	1362.201	1229.7715	1212.1718	1202.7659	1193.8665	1139.6923	931.8184	904.1353	870.01196	802.51953	679.3139	-1610612736
2948.5	1031.5	28.37345249153657	-25.627090216646433	54.71196	56.936016	53.536766	43.648598	39.391705	30.94627	23.060392	19.713362	18.839905	18.437332	18.272898	19.482117	5.76507	10.044043	16.909607	17.758642	13.473799	12.676624	8.679139	3.054898	9.324875	1246	-25.624777	28.375023	1855	13.834712	9.822869	9.884085	9.983109	9.947732	10.0056305	9.955609	9.957388	7.523377	7.535709	10.006029	7.522781	2.8067858	3.7397065	2.750205	15.042949	19.937212	9.97068	9.959983	19.860773	28.293821	-1	400.6564	412.06555	443.1729	490.7014	510.6282	560.5699	620.62256	665.36145	674.09503	681.6494	709.1694	754.2124	761.8043	764.8955	767.96173	779.25867	865.4521	884.3155	899.307	939.0063	1015.9469	1486.5609	1660.1744	1841.7661	1884.2347	1860.837	1744.2208	1601.6991	1485.6434	1451.373	1426.279	1362.2064	1229.7714	1212.1746	1202.7754	1193.8618	1139.6965	931.81696	904.13727	870.0125	802.522	679.3169	-1610612736
2949.5	1031.5	28.376062746615762	-25.627674881565035	54.809586	57.257313	53.88906	44.33979	39.926754	32.305187	24.511007	21.308664	20.428125	20.007288	21.528917	25.940159	7.594299	13.210382	22.730515	24.222597	20.045542	19.072681	13.114249	4.5725555	14.280639	1249	-25.625408	28.37782	1856	13.833958	9.822892	9.883994	9.983196	9.947724	10.005671	9.955591	9.957363	7.5232973	7.535755	10.006004	7.522689	2.8070593	3.7399173	2.7505958	15.042973	19.937317	9.9707365	9.960019	19.860378	28.284733	-1	400.65567	412.06458	443.1719	490.7003	510.62717	560.56885	620.6215	665.3605	674.094	681.6484	709.1685	754.21136	761.80304	764.8943	767.9606	779.2577	865.4511	884.31464	899.3062	939.0048	1015.9449	1486.5431	1660.1671	1841.7402	1884.2195	1860.8529	1744.2289	1601.7002	1485.6454	1451.3774	1426.2833	1362.2115	1229.7712	1212.1772	1202.785	1193.8573	1139.7008	931.8155	904.1393	870.01306	802.52435	679.31976	-2147483648
2941.5	1032.5	28.354480260795278	-25.625570049904717	54.48882	56.77537	53.439583	44.33979	40.22961	32.77463	26.497911	24.166182	23.44289	23.093067	26.939857	34.781265	10.098244	17.475424	30.890322	33.200016	29.407688	28.724516	19.963026	6.9485874	23.317049	1254	-25.623583	28.357584	1849	13.839241	9.822733	9.884628	9.982587	9.947777	10.005388	9.955719	9.957537	7.5238557	7.535433	10.006179	7.523334	2.805149	3.7384443	2.7478628	15.042805	19.936577	9.970347	9.959762	19.863144	28.348501	-1	400.6608	412.07144	443.17896	490.70807	510.63443	560.57587	620.6287	665.36707	674.1011	681.65564	709.1746	754.2188	761.812	764.90295	767.96857	779.2645	865.45795	884.3207	899.3117	939.0148	1015.959	1486.6691	1660.2185	1841.9208	1884.3264	1860.7415	1744.1731	1601.6915	1485.6317	1451.3467	1426.2537	1362.1747	1229.7723	1212.1583	1202.7181	1193.8889	1139.6711	931.826	904.12555	870.0094	802.5073	679.29926	-2147483648
2942.5	1032.5	28.357088926629267	-25.62615769218517	54.516712	56.936016	53.45173	44.166992	40.047897	32.651093	25.917665	23.070507	22.415777	21.933	26.000881	36.56677	10.495576	18.427055	32.396908	35.00823	30.975441	30.214912	21.049175	7.1248317	23.95556	1254	-25.624212	28.360376	1850	13.838486	9.822756	9.884538	9.982674	9.947769	10.005428	9.955701	9.957512	7.523776	7.5354786	10.006154	7.523242	2.8054214	3.7386544	2.7482529	15.042829	19.936684	9.970403	9.959798	19.86275	28.33937	-1	400.66006	412.07047	443.17795	490.70697	510.6334	560.5749	620.6277	665.36615	674.10004	681.6546	709.17377	754.2177	761.8107	764.9017	767.9674	779.26355	865.457	884.3198	899.311	939.01337	1015.957	1486.651	1660.211	1841.8951	1884.3112	1860.7576	1744.181	1601.6927	1485.6337	1451.3511	1426.2579	1362.1799	1229.7721	1212.161	1202.7277	1193.8844	1139.6754	931.82446	904.1275	870.0099	802.50977	679.3022	-2147483648
2943.5	1032.5	28.359697592133358	-25.626745334461468	54.5725	57.043114	53.767582	43.902035	39.63399	31.92222	23.930761	20.817802	20.066732	19.411787	21.515408	26.832909	7.7967134	13.686198	23.694519	25.04451	20.701237	20.068113	13.783036	4.8271303	15.08121	1253	-25.624844	28.36317	1851	13.83773	9.822779	9.884447	9.98276	9.9477625	10.005468	9.955683	9.957487	7.523696	7.5355244	10.006129	7.5231495	2.8056939	3.7388647	2.7486432	15.042853	19.936789	9.970458	9.959835	19.862354	28.330246	-1	400.65933	412.0695	443.17694	490.70584	510.63235	560.57385	620.62665	665.3652	674.09906	681.65356	709.17285	754.2167	761.80945	764.90045	767.96625	779.2626	865.456	884.319	899.3102	939.0119	1015.95496	1486.6329	1660.2037	1841.8693	1884.2958	1860.7734	1744.189	1601.6941	1485.6356	1451.3555	1426.2621	1362.1853	1229.772	1212.1636	1202.7372	1193.88	1139.6797	931.823	904.12946	870.01044	802.51227	679.3051	-2147483648
2944.5	1032.5	28.36230707499672	-25.627331493574527	54.642227	56.895855	53.25736	43.233887	39.310944	30.983332	22.137274	18.889416	18.06006	17.625284	17.300144	17.538225	5.247788	8.72906	15.076415	15.860286	11.694055	10.933245	7.512534	2.7350476	8.138603	1249	-25.62547	28.365952	1852	13.836975	9.822802	9.8843565	9.982847	9.947755	10.005509	9.955664	9.957462	7.5236163	7.5355706	10.006104	7.5230575	2.8059666	3.739075	2.7490335	15.042877	19.936893	9.970514	9.959872	19.86196	28.321129	-1	400.6586	412.06848	443.17593	490.70474	510.63132	560.5729	620.6257	665.36426	674.098	681.6525	709.172	754.2156	761.80817	764.89923	767.96515	779.2616	865.455	884.3181	899.3094	939.0105	1015.95294	1486.6149	1660.1965	1841.8434	1884.2805	1860.7894	1744.197	1601.6953	1485.6376	1451.3599	1426.2664	1362.1906	1229.7719	1212.1664	1202.7468	1193.8755	1139.6838	931.8215	904.1314	870.011	802.5147	679.30804	-1610612736
2945.5	1032.5	28.364917375728186	-25.627916169530618	54.600388	56.802143	53.12373	43.210846	38.84656	30.909208	22.383438	18.950773	18.10761	17.671688	18.374226	21.05163	6.079937	10.450649	18.216019	19.54564	15.559206	14.722483	10.18768	3.5509925	10.8255415	1245	-25.626099	28.368736	1853	13.836221	9.822824	9.884266	9.982935	9.947747	10.005549	9.955646	9.9574375	7.5235367	7.5356164	10.006079	7.522965	2.8062394	3.7392852	2.7494237	15.042901	19.937	9.97057	9.9599085	19.861565	28.31202	-1	400.65787	412.0675	443.17493	490.7036	510.63028	560.57184	620.62463	665.36334	674.09705	681.6515	709.17114	754.21454	761.8069	764.898	767.964	779.2606	865.45404	884.3172	899.3086	939.0091	1015.9509	1486.5969	1660.1892	1841.8176	1884.2653	1860.8053	1744.205	1601.6965	1485.6395	1451.3643	1426.2706	1362.1958	1229.7716	1212.1691	1202.7563	1193.871	1139.6881	931.81995	904.13336	870.0114	802.5171	679.31104	-1602224128
2946.5	1032.5	28.367527676790164	-25.628500845490713	54.600388	56.802143	53.12373	43.210846	38.84656	30.909208	22.383438	18.950773	18.10761	17.671688	18.374226	21.05163	6.079937	10.450649	18.216019	19.54564	15.559206	14.722483	10.18768	3.5509925	10.8255415	1245	-25.626099	28.368736	1853	13.836221	9.822824	9.884266	9.982935	9.947747	10.005549	9.955646	9.9574375	7.5235367	7.5356164	10.006079	7.522965	2.8062394	3.7392852	2.7494237	15.042901	19.937	9.97057	9.9599085	19.861565	28.31202	-1	400.65787	412.0675	443.17493	490.7036	510.63028	560.57184	620.62463	665.36334	674.09705	681.6515	709.17114	754.21454	761.8069	764.898	767.964	779.2606	865.45404	884.3172	899.3086	939.0091	1015.9509	1486.5969	1660.1892	1841.8176	1884.2653	1860.8053	1744.205	1601.6965	1485.6395	1451.3643	1426.2706	1362.1958	1229.7716	1212.1691	1202.7563	1193.871	1139.6881	931.81995	904.13336	870.0114	802.5171	679.31104	-1610612736
2947.5	1032.5	28.37013797817182	-25.629085521454687	54.32146	56.989567	53.014397	43.130207	38.836464	30.16798	21.688902	18.32843	17.546503	16.929245	15.996385	15.176757	4.3181796	7.414078	12.774391	13.304399	9.120574	8.39242	5.712342	2.0692365	5.902189	1243	-25.626726	28.371515	1854	13.835466	9.822846	9.884175	9.983022	9.94774	10.0055895	9.955627	9.957413	7.5234566	7.5356627	10.006054	7.522873	2.8065126	3.739496	2.7498143	15.042925	19.937105	9.970625	9.959946	19.86117	28.302917	-1	400.65714	412.06653	443.17392	490.7025	510.62924	560.57086	620.6236	665.36237	674.096	681.65045	709.1702	754.21344	761.8056	764.8968	767.9628	779.25964	865.45306	884.31635	899.3078	939.0077	1015.9489	1486.579	1660.1819	1841.7919	1884.2499	1860.8212	1744.2129	1601.6978	1485.6415	1451.3687	1426.2748	1362.201	1229.7715	1212.1718	1202.7659	1193.8665	1139.6923	931.8184	904.1353	870.01196	802.51953	679.3139	-1610612736
2948.5	1032.5	28.372748279862318	-25.629670197422417	54.293568	56.88247	53.014397	43.026527	38.432655	29.957966	21.653734	18.223246	17.346786	16.766834	15.685644	14.168813	4.2432113	7.102635	12.042168	12.397642	8.307117	7.5729766	5.09384	1.8407719	5.2377467	1245	-25.627356	28.374311	1855	13.834712	9.822869	9.884085	9.983109	9.947732	10.0056305	9.955609	9.957388	7.523377	7.535709	10.006029	7.522781	2.8067858	3.7397065	2.750205	15.042949	19.937212	9.97068	9.959983	19.860773	28.293821	-1	400.6564	412.06555	443.1729	490.7014	510.6282	560.5699	620.62256	665.36145	674.09503	681.6494	709.1694	754.2124	761.8043	764.8955	767.96173	779.25867	865.4521	884.3155	899.307	939.0063	1015.9469	1486.5609	1660.1744	1841.7661	1884.2347	1860.837	1744.2208	1601.6991	1485.6434	1451.373	1426.279	1362.2064	1229.7714	1212.1746	1202.7754	1193.8618	1139.6965	931.81696	904.13727	870.0125	802.522	679.3169	-1610612736
2949.5	1032.5	28.375358581850826	-25.63025487339379	54.962997	57.029728	53.536766	43.54492	39.1898	30.810377	23.060392	19.64324	18.887457	18.41413	18.516085	20.130081	5.892516	10.208416	17.33103	18.506319	14.425297	13.73805	9.473638	3.3323193	10.32964	1246	-25.627987	28.377106	1856	13.833958	9.822892	9.883994	9.983196	9.947724	10.005671	9.955591	9.957363	7.5232973	7.535755	10.006004	7.522689	2.8070593	3.7399173	2.7505958	15.042973	19.937317	9.9707365	9.960019	19.860378	28.284733	-1	400.65567	412.06458	443.1719	490.7003	510.62717	560.56885	620.6215	665.3605	674.094	681.6484	709.1685	754.21136	761.80304	764.8943	767.9606	779.2577	865.4511	884.31464	899.3062	939.0048	1015.9449	1486.5431	1660.1671	1841.7402	1884.2195	1860.8529	1744.2289	1601.7002	1485.6454	1451.3774	1426.2833	1362.2115	1229.7712	1212.1772	1202.785	1193.8573	1139.7008	931.8155	904.1393	870.01306	802.52435	679.31976	-1610612736
2942.5	1033.5	28.35638441576448	-25.628737575402283	54.502766	56.989567	53.57321	43.925076	39.714752	32.44108	25.117628	22.15014	21.293562	20.796135	25.480728	37.94909	10.757965	19.162407	33.782337	36.413433	32.045258	31.435827	21.717962	7.4022527	24.795027	1254	-25.626793	28.359673	1850	13.838486	9.822756	9.884538	9.982674	9.947769	10.005428	9.955701	9.957512	7.523776	7.5354786	10.006154	7.523242	2.8054214	3.7386544	2.7482529	15.042829	19.936684	9.970403	9.959798	19.86275	28.33937	-1	400.66006	412.07047	443.17795	490.70697	510.6334	560.5749	620.6277	665.36615	674.10004	681.6546	709.17377	754.2177	761.8107	764.9017	767.9674	779.26355	865.457	884.3198	899.311	939.01337	1015.957	1486.651	1660.211	1841.8951	1884.3112	1860.7576	1744.181	1601.6927	1485.6337	1451.3511	1426.2579	1362.1799	1229.7721	1212.161	1202.7277	1193.8844	1139.6754	931.82446	904.1275	870.0099	802.50977	679.3022	-2147483648
2943.5	1033.5	28.358993140007218	-25.62932522873121	54.684067	56.92263	53.476025	43.936596	39.45228	31.835743	23.684597	20.44089	19.62926	18.98643	21.17089	26.926504	7.7892165	13.322847	23.489077	25.113445	20.597706	19.699638	13.617097	4.683524	15.194652	1256	-25.627424	28.362469	1851	13.83773	9.822779	9.884447	9.98276	9.9477625	10.005468	9.955683	9.957487	7.523696	7.5355244	10.006129	7.5231495	2.8056939	3.7388647	2.7486432	15.042853	19.936789	9.970458	9.959835	19.862354	28.330246	-1	400.65933	412.0695	443.17694	490.70584	510.63235	560.57385	620.62665	665.3652	674.09906	681.65356	709.17285	754.2167	761.80945	764.90045	767.96625	779.2626	865.456	884.319	899.3102	939.0119	1015.95496	1486.6329	1660.2037	1841.8693	1884.2958	1860.7734	1744.189	1601.6941	1485.6356	1451.3555	1426.2621	1362.1853	1229.772	1212.1636	1202.7372	1193.88	1139.6797	931.823	904.12946	870.01044	802.51227	679.3051	-2147483648
2944.5	1033.5	28.36160267569301	-25.62991139915024	54.642227	57.230537	53.488174	43.487324	39.391705	31.452776	22.998852	19.704597	18.877945	18.321325	19.130812	21.368412	6.0949306	10.554463	18.537354	19.757748	15.416235	14.661987	9.9262	3.5118272	11.243653	1252	-25.628052	28.365252	1852	13.836975	9.822802	9.8843565	9.982847	9.947755	10.005509	9.955664	9.957462	7.5236163	7.5355706	10.006104	7.5230575	2.8059666	3.739075	2.7490335	15.042877	19.936893	9.970514	9.959872	19.86196	28.321129	-1	400.6586	412.06848	443.17593	490.70474	510.63132	560.5729	620.6257	665.36426	674.098	681.6525	709.172	754.2156	761.80817	764.89923	767.96515	779.2616	865.455	884.3181	899.3094	939.0105	1015.95294	1486.6149	1660.1965	1841.8434	1884.2805	1860.7894	1744.197	1601.6953	1485.6376	1451.3599	1426.2664	1362.1906	1229.7719	1212.1664	1202.7468	1193.8755	1139.6838	931.8215	904.1314	870.011	802.5147	679.30804	-1610612736
2945.5	1033.5	28.364213023331146	-25.63049608666519	54.502766	56.72182	53.536766	43.763798	39.543133	32.10753	24.291218	21.22101	20.466166	19.999556	23.825697	33.28375	9.461012	16.51514	29.34159	31.572098	27.770914	27.096628	18.610367	6.3708982	21.330206	1248	-25.62868	28.368036	1853	13.836221	9.822824	9.884266	9.982935	9.947747	10.005549	9.955646	9.9574375	7.5235367	7.5356164	10.006079	7.522965	2.8062394	3.7392852	2.7494237	15.042901	19.937	9.97057	9.9599085	19.861565	28.31202	-1	400.65787	412.0675	443.17493	490.7036	510.63028	560.57184	620.62463	665.36334	674.09705	681.6515	709.17114	754.21454	761.8069	764.898	767.964	779.2606	865.45404	884.3172	899.3086	939.0091	1015.9509	1486.5969	1660.1892	1841.8176	1884.2653	1860.8053	1744.205	1601.6965	1485.6395	1451.3643	1426.2706	1362.1958	1229.7716	1212.1691	1202.7563	1193.871	1139.6881	931.81995	904.13336	870.0114	802.5171	679.31104	-1602224128
2946.5	1033.5	28.36682337130042	-25.631080774184095	54.502766	56.72182	53.536766	43.763798	39.543133	32.10753	24.291218	21.22101	20.466166	19.999556	23.825697	33.28375	9.461012	16.51514	29.34159	31.572098	27.770914	27.096628	18.610367	6.3708982	21.330206	1248	-25.62868	28.368036	1853	13.836221	9.822824	9.884266	9.982935	9.947747	10.005549	9.955646	9.9574375	7.5235367	7.5356164	10.006079	7.522965	2.8062394	3.7392852	2.7494237	15.042901	19.937	9.97057	9.9599085	19.861565	28.31202	-1	400.65787	412.0675	443.17493	490.7036	510.63028	560.57184	620.62463	665.36334	674.09705	681.6515	709.17114	754.21454	761.8069	764.898	767.964	779.2606	865.45404	884.3172	899.3086	939.0091	1015.9509	1486.5969	1660.1892	1841.8176	1884.2653	1860.8053	1744.205	1601.6965	1485.6395	1451.3643	1426.2706	1362.1958	1229.7716	1212.1691	1202.7563	1193.871	1139.6881	931.81995	904.13336	870.0114	802.5171	679.31104	-1610612736
2947.5	1033.5	28.36943371958999	-25.631665461706834	54.55855	56.788757	53.39099	43.902035	39.63399	31.66279	24.02747	20.87916	20.057222	19.404055	21.954498	28.452818	8.006625	14.032246	24.848166	26.709549	22.702833	21.904987	15.030097	5.179619	17.042124	1244	-25.629307	28.370813	1854	13.835466	9.822846	9.884175	9.983022	9.94774	10.0055895	9.955627	9.957413	7.5234566	7.5356627	10.006054	7.522873	2.8065126	3.739496	2.7498143	15.042925	19.937105	9.970625	9.959946	19.86117	28.302917	-1	400.65714	412.06653	443.17392	490.7025	510.62924	560.57086	620.6236	665.36237	674.096	681.65045	709.1702	754.21344	761.8056	764.8968	767.9628	779.25964	865.45306	884.31635	899.3078	939.0077	1015.9489	1486.579	1660.1819	1841.7919	1884.2499	1860.8212	1744.2129	1601.6978	1485.6415	1451.3687	1426.2748	1362.201	1229.7715	1212.1718	1202.7659	1193.8665	1139.6923	931.8184	904.1353	870.01196	802.51953	679.3139	-1610612736
2948.5	1033.5	28.372044068189016	-25.63225014923329	54.586445	56.936016	53.3181	43.51036	38.987896	30.773317	22.532896	19.029661	18.421452	17.75676	17.685192	18.16459	5.292769	8.997248	15.582123	16.257986	11.896186	11.191727	7.618132	2.669772	8.397898	1246	-25.629936	28.373608	1855	13.834712	9.822869	9.884085	9.983109	9.947732	10.0056305	9.955609	9.957388	7.523377	7.535709	10.006029	7.522781	2.8067858	3.7397065	2.750205	15.042949	19.937212	9.97068	9.959983	19.860773	28.293821	-1	400.6564	412.06555	443.1729	490.7014	510.6282	560.5699	620.62256	665.36145	674.09503	681.6494	709.1694	754.2124	761.8043	764.8955	767.96173	779.25867	865.4521	884.3155	899.307	939.0063	1015.9469	1486.5609	1660.1744	1841.7661	1884.2347	1860.837	1744.2208	1601.6991	1485.6434	1451.373	1426.279	1362.2064	1229.7714	1212.1746	1202.7754	1193.8618	1139.6965	931.81696	904.13727	870.0125	802.522	679.3169	-1610612736
2949.5	1033.5	28.374654417086674	-25.63283483676333	54.851425	57.029728	53.65825	44.12091	39.99742	32.18165	24.554966	21.396317	20.646862	20.270237	21.319506	24.766624	7.1294947	12.509635	21.85606	23.024193	19.034883	18.269737	12.556089	4.275552	14.277398	1247	-25.630566	28.3764	1856	13.833958	9.822892	9.883994	9.983196	9.947724	10.005671	9.955591	9.957363	7.5232973	7.535755	10.006004	7.522689	2.8070593	3.7399173	2.7505958	15.042973	19.937317	9.9707365	9.960019	19.860378	28.284733	-1	400.65567	412.06458	443.1719	490.7003	510.62717	560.56885	620.6215	665.3605	674.094	681.6484	709.1685	754.21136	761.80304	764.8943	767.9606	779.2577	865.4511	884.31464	899.3062	939.0048	1015.9449	1486.5431	1660.1671	1841.7402	1884.2195	1860.8529	1744.2289	1601.7002	1485.6454	1451.3774	1426.2833	1362.2115	1229.7712	1212.1772	1202.785	1193.8573	1139.7008	931.8155	904.1393	870.01306	802.52435	679.31976	-1610612736
2942.5	1034.5	28.355679188785704	-25.63131821041301	54.600388	57.257313	54.204914	44.627785	40.91609	34.022366	27.517738	24.9463	24.156162	23.928316	28.331434	40.432953	11.402694	20.598507	35.6366	38.698887	34.165176	33.355194	22.990164	7.8983474	26.39293	1255	-25.629372	28.358955	1850	13.838486	9.822756	9.884538	9.982674	9.947769	10.005428	9.955701	9.957512	7.523776	7.5354786	10.006154	7.523242	2.8054214	3.7386544	2.7482529	15.042829	19.936684	9.970403	9.959798	19.86275	28.33937	-1	400.66006	412.07047	443.17795	490.70697	510.6334	560.5749	620.6277	665.36615	674.10004	681.6546	709.17377	754.2177	761.8107	764.9017	767.9674	779.26355	865.457	884.3198	899.311	939.01337	1015.957	1486.651	1660.211	1841.8951	1884.3112	1860.7576	1744.181	1601.6927	1485.6337	1451.3511	1426.2579	1362.1799	1229.7721	1212.161	1202.7277	1193.8844	1139.6754	931.82446	904.1275	870.0099	802.50977	679.3022	-2147483648
2943.5	1034.5	28.358287948306074	-25.631905886820764	54.502766	57.284084	53.597507	44.22459	40.219517	33.02171	25.469294	22.237795	21.455236	21.11322	25.16323	36.64596	10.345639	18.470312	32.58128	34.81733	30.295095	29.626453	20.315018	6.866993	23.229536	1258	-25.630005	28.361755	1851	13.83773	9.822779	9.884447	9.98276	9.9477625	10.005468	9.955683	9.957487	7.523696	7.5355244	10.006129	7.5231495	2.8056939	3.7388647	2.7486432	15.042853	19.936789	9.970458	9.959835	19.862354	28.330246	-1	400.65933	412.0695	443.17694	490.70584	510.63235	560.57385	620.62665	665.3652	674.09906	681.65356	709.17285	754.2167	761.80945	764.90045	767.96625	779.2626	865.456	884.319	899.3102	939.0119	1015.95496	1486.6329	1660.2037	1841.8693	1884.2958	1860.7734	1744.189	1601.6941	1485.6356	1451.3555	1426.2621	1362.1853	1229.772	1212.1636	1202.7372	1193.88	1139.6797	931.823	904.12946	870.01044	802.51227	679.3051	-2147483648
2944.5	1034.5	28.360897530962884	-25.63249206277221	54.87932	57.15021	53.779728	44.466507	40.51228	32.824047	25.469294	22.369276	21.740545	21.151888	25.034882	33.87412	9.468509	16.705467	29.842031	32.25084	28.091368	27.393608	18.861792	6.465548	21.835829	1257	-25.630636	28.364553	1852	13.836975	9.822802	9.8843565	9.982847	9.947755	10.005509	9.955664	9.957462	7.5236163	7.5355706	10.006104	7.5230575	2.8059666	3.739075	2.7490335	15.042877	19.936893	9.970514	9.959872	19.86196	28.321129	-1	400.6586	412.06848	443.17593	490.70474	510.63132	560.5729	620.6257	665.36426	674.098	681.6525	709.172	754.2156	761.80817	764.89923	767.96515	779.2616	865.455	884.3181	899.3094	939.0105	1015.95294	1486.6149	1660.1965	1841.8434	1884.2805	1860.7894	1744.197	1601.6953	1485.6376	1451.3599	1426.2664	1362.1906	1229.7719	1212.1664	1202.7468	1193.8755	1139.6838	931.8215	904.1314	870.011	802.5147	679.30804	-1610612736
2945.5	1034.5	28.363507937264554	-25.633076738272525	54.516712	57.257313	54.119877	44.627785	40.461803	33.429382	26.462746	23.67532	22.86276	22.474365	27.169535	38.726646	11.005361	19.40464	33.861355	36.64145	32.479103	31.8373	22.105154	7.4283633	25.290928	1254	-25.631264	28.36734	1853	13.836221	9.822824	9.884266	9.982935	9.947747	10.005549	9.955646	9.9574375	7.5235367	7.5356164	10.006079	7.522965	2.8062394	3.7392852	2.7494237	15.042901	19.937	9.97057	9.9599085	19.861565	28.31202	-1	400.65787	412.0675	443.17493	490.7036	510.63028	560.57184	620.62463	665.36334	674.09705	681.6515	709.17114	754.21454	761.8069	764.898	767.964	779.2606	865.45404	884.3172	899.3086	939.0091	1015.9509	1486.5969	1660.1892	1841.8176	1884.2653	1860.8053	1744.205	1601.6965	1485.6395	1451.3643	1426.2706	1362.1958	1229.7716	1212.1691	1202.7563	1193.871	1139.6881	931.81995	904.13336	870.0114	802.5171	679.31104	-1602224128
2946.5	1034.5	28.36611834389741	-25.633661413776377	54.516712	57.257313	54.119877	44.627785	40.461803	33.429382	26.462746	23.67532	22.86276	22.474365	27.169535	38.726646	11.005361	19.40464	33.861355	36.64145	32.479103	31.8373	22.105154	7.4283633	25.290928	1254	-25.631264	28.36734	1853	13.836221	9.822824	9.884266	9.982935	9.947747	10.005549	9.955646	9.9574375	7.5235367	7.5356164	10.006079	7.522965	2.8062394	3.7392852	2.7494237	15.042901	19.937	9.97057	9.9599085	19.861565	28.31202	-1	400.65787	412.0675	443.17493	490.7036	510.63028	560.57184	620.62463	665.36334	674.09705	681.6515	709.17114	754.21454	761.8069	764.898	767.964	779.2606	865.45404	884.3172	899.3086	939.0091	1015.9509	1486.5969	1660.1892	1841.8176	1884.2653	1860.8053	1744.205	1601.6965	1485.6395	1451.3643	1426.2706	1362.1958	1229.7716	1212.1691	1202.7563	1193.871	1139.6881	931.81995	904.13336	870.0114	802.5171	679.31104	-1610612736
2947.5	1034.5	28.368728750850604	-25.634246089283643	54.725906	57.12344	53.937656	44.28219	40.239708	32.984646	25.689083	22.553349	21.921242	21.507643	26.14274	37.142735	10.518066	18.781755	32.976364	35.63394	31.226873	30.368902	20.928492	7.1672606	24.302368	1252	-25.631891	28.370125	1854	13.835466	9.822846	9.884175	9.983022	9.94774	10.0055895	9.955627	9.957413	7.5234566	7.5356627	10.006054	7.522873	2.8065126	3.739496	2.7498143	15.042925	19.937105	9.970625	9.959946	19.86117	28.302917	-1	400.65714	412.06653	443.17392	490.7025	510.62924	560.57086	620.6236	665.36237	674.096	681.65045	709.1702	754.21344	761.8056	764.8968	767.9628	779.25964	865.45306	884.31635	899.3078	939.0077	1015.9489	1486.579	1660.1819	1841.7919	1884.2499	1860.8212	1744.2129	1601.6978	1485.6415	1451.3687	1426.2748	1362.201	1229.7715	1212.1718	1202.7659	1193.8665	1139.6923	931.8184	904.1353	870.01196	802.51953	679.3139	-2147483648
2948.5	1034.5	28.371339158113305	-25.6348307647942	54.739853	57.2707	54.107727	44.570187	40.38104	32.5152	25.161587	22.027426	21.169928	20.888939	23.90676	30.965479	8.711328	15.174205	27.081709	29.244225	25.059393	24.46781	16.82526	5.796473	19.664238	1251	-25.63252	28.372911	1855	13.834712	9.822869	9.884085	9.983109	9.947732	10.0056305	9.955609	9.957388	7.523377	7.535709	10.006029	7.522781	2.8067858	3.7397065	2.750205	15.042949	19.937212	9.97068	9.959983	19.860773	28.293821	-1	400.6564	412.06555	443.1729	490.7014	510.6282	560.5699	620.62256	665.36145	674.09503	681.6494	709.1694	754.2124	761.8043	764.8955	767.96173	779.25867	865.4521	884.3155	899.307	939.0063	1015.9469	1486.5609	1660.1744	1841.7661	1884.2347	1860.837	1744.2208	1601.6991	1485.6434	1451.373	1426.279	1362.2064	1229.7714	1212.1746	1202.7754	1193.8618	1139.6965	931.81696	904.13727	870.0125	802.522	679.3169	-1610612736
2944.5	1035.5	28.360193131658093	-25.63507273821402	54.893265	57.06989	54.04699	44.719944	40.734375	33.55292	26.81441	24.043465	23.271704	22.814651	27.568094	37.992287	10.682997	19.032639	33.50841	36.116486	31.877638	30.979359	21.310656	7.3010755	25.099697	1263	-25.633219	28.363861	1852	13.836975	9.822802	9.8843565	9.982847	9.947755	10.005509	9.955664	9.957462	7.5236163	7.5355706	10.006104	7.5230575	2.8059666	3.739075	2.7490335	15.042877	19.936893	9.970514	9.959872	19.86196	28.321129	-1	400.6586	412.06848	443.17593	490.70474	510.63132	560.5729	620.6257	665.36426	674.098	681.6525	709.172	754.2156	761.80817	764.89923	767.96515	779.2616	865.455	884.3181	899.3094	939.0105	1015.95294	1486.6149	1660.1965	1841.8434	1884.2805	1860.7894	1744.197	1601.6953	1485.6376	1451.3599	1426.2664	1362.1906	1229.7719	1212.1664	1202.7468	1193.8755	1139.6838	931.8215	904.1314	870.011	802.5147	679.30804	-2147483648
2945.5	1035.5	28.362803584866178	-25.635657425268192	54.544605	57.1636	54.22921	45.077057	41.006947	33.651752	27.122116	24.578154	23.832811	23.51069	27.703197	37.149937	10.383123	18.600079	32.860474	35.379414	31.197292	30.511892	21.013975	7.1672606	24.47739	1261	-25.633846	28.366648	1853	13.836221	9.822824	9.884266	9.982935	9.947747	10.005549	9.955646	9.9574375	7.5235367	7.5356164	10.006079	7.522965	2.8062394	3.7392852	2.7494237	15.042901	19.937	9.97057	9.9599085	19.861565	28.31202	-1	400.65787	412.0675	443.17493	490.7036	510.63028	560.57184	620.62463	665.36334	674.09705	681.6515	709.17114	754.21454	761.8069	764.898	767.964	779.2606	865.45404	884.3172	899.3086	939.0091	1015.9509	1486.5969	1660.1892	1841.8176	1884.2653	1860.8053	1744.205	1601.6965	1485.6395	1451.3643	1426.2706	1362.1958	1229.7716	1212.1691	1202.7563	1193.871	1139.6881	931.81995	904.13336	870.0114	802.5171	679.31104	-2139095040
2946.5	1035.5	28.365414038406065	-25.636242112325856	54.544605	57.1636	54.22921	45.077057	41.006947	33.651752	27.122116	24.578154	23.832811	23.51069	27.703197	37.149937	10.383123	18.600079	32.860474	35.379414	31.197292	30.511892	21.013975	7.1672606	24.47739	1261	-25.633846	28.366648	1853	13.836221	9.822824	9.884266	9.982935	9.947747	10.005549	9.955646	9.9574375	7.5235367	7.5356164	10.006079	7.522965	2.8062394	3.7392852	2.7494237	15.042901	19.937	9.97057	9.9599085	19.861565	28.31202	-1	400.65787	412.0675	443.17493	490.7036	510.63028	560.57184	620.62463	665.36334	674.09705	681.6515	709.17114	754.21454	761.8069	764.898	767.964	779.2606	865.45404	884.3172	899.3086	939.0091	1015.9509	1486.5969	1660.1892	1841.8176	1884.2653	1860.8053	1744.205	1601.6965	1485.6395	1451.3643	1426.2706	1362.1958	1229.7716	1212.1691	1202.7563	1193.871	1139.6881	931.81995	904.13336	870.0114	802.5171	679.31104	-2147483648
